,alpha,temperature,loss,ACC,AUPR,AUROC
0,0.1,1.0,0.4078415036201477,0.8619999885559082,0.9387456178665161,0.9394991993904114
1,0.1,2.0,0.39572674036026,0.8607500195503235,0.942072868347168,0.9403929114341736
2,0.1,3.0,0.3377600908279419,0.8532500267028809,0.9365086555480957,0.9351972341537476
3,0.1,4.0,0.3658633828163147,0.8895000219345093,0.956928014755249,0.9570015668869019
4,0.1,5.0,0.3576427698135376,0.8852499723434448,0.9565520882606506,0.9554739594459534
5,0.2,1.0,0.3665039837360382,0.8617500066757202,0.9370960593223572,0.937519371509552
6,0.2,2.0,0.3219790458679199,0.8647500276565552,0.9418213963508606,0.9427635669708252
7,0.2,3.0,0.3283976912498474,0.8602499961853027,0.9580704569816589,0.9575527906417847
8,0.2,4.0,0.3899088203907013,0.8737499713897705,0.9435979127883911,0.9428313970565796
9,0.2,5.0,0.36283349990844727,0.8692499995231628,0.9426227807998657,0.9433441758155823
10,0.3,1.0,0.3820957541465759,0.8672500252723694,0.943903386592865,0.9424041509628296
11,0.3,2.0,0.45320236682891846,0.8787500262260437,0.9485799670219421,0.9480232000350952
12,0.3,3.0,0.40445274114608765,0.8447499871253967,0.9240357279777527,0.9262412786483765
13,0.3,4.0,0.38575220108032227,0.8532500267028809,0.9320306181907654,0.9304190874099731
14,0.3,5.0,0.40583038330078125,0.8582500219345093,0.9339107275009155,0.9321509599685669
15,0.4,1.0,0.37557685375213623,0.8817499876022339,0.9527801871299744,0.9518810510635376
16,0.4,2.0,0.40521588921546936,0.8687499761581421,0.9434455037117004,0.9427890777587891
17,0.4,3.0,0.41025933623313904,0.8395000100135803,0.9174720644950867,0.9156076312065125
18,0.4,4.0,0.37955984473228455,0.859749972820282,0.9439825415611267,0.9425690770149231
19,0.4,5.0,0.38666337728500366,0.859499990940094,0.9387357831001282,0.9381707906723022
20,0.5,1.0,0.2871816158294678,0.8385000228881836,0.9556574821472168,0.9557093977928162
21,0.5,2.0,0.3291979432106018,0.8742499947547913,0.9498914480209351,0.9483086466789246
22,0.5,3.0,0.33342933654785156,0.8502500057220459,0.9382836222648621,0.9364109635353088
23,0.5,4.0,0.39080050587654114,0.8767499923706055,0.9500495195388794,0.9510409235954285
24,0.5,5.0,0.4337022304534912,0.8627499938011169,0.9400304555892944,0.9393342733383179
25,0.6,1.0,0.39161211252212524,0.8659999966621399,0.945554256439209,0.9436793923377991
26,0.6,2.0,0.3481135368347168,0.8634999990463257,0.9450679421424866,0.9451248049736023
27,0.6,3.0,0.45516717433929443,0.8537499904632568,0.9297654628753662,0.9311286807060242
28,0.6,4.0,0.4957219362258911,0.8587499856948853,0.9498609304428101,0.9488049149513245
29,0.6,5.0,0.3383049964904785,0.8737499713897705,0.943050742149353,0.9434807300567627
30,0.7,1.0,0.3540008068084717,0.8669999837875366,0.9499604105949402,0.9497124552726746
31,0.7,2.0,0.35716959834098816,0.8535000085830688,0.9462141394615173,0.9468005299568176
32,0.7,3.0,0.3982776999473572,0.8637499809265137,0.9406021237373352,0.938155472278595
33,0.7,4.0,0.3464422821998596,0.8880000114440918,0.9571713805198669,0.9568836092948914
34,0.7,5.0,0.5185182690620422,0.8464999794960022,0.9283986687660217,0.9279948472976685
35,0.8,1.0,0.3596498668193817,0.8692499995231628,0.9431438446044922,0.9433538317680359
36,0.8,2.0,0.350566565990448,0.8807500004768372,0.9504514932632446,0.950640082359314
37,0.8,3.0,0.35355323553085327,0.8587499856948853,0.9403275847434998,0.9394702911376953
38,0.8,4.0,0.3387625217437744,0.8744999766349792,0.9472259879112244,0.9462682008743286
39,0.8,5.0,0.3572145402431488,0.8447499871253967,0.9446876049041748,0.9437943696975708
40,0.9,1.0,0.3570987284183502,0.8582500219345093,0.9326099753379822,0.9312421083450317
41,0.9,2.0,0.3996700048446655,0.8507500290870667,0.9375923871994019,0.935809850692749
42,0.9,3.0,0.36041897535324097,0.8692499995231628,0.9449834227561951,0.9432049989700317
43,0.9,4.0,0.4725120961666107,0.8500000238418579,0.9334878325462341,0.931145191192627
44,0.9,5.0,0.48757463693618774,0.8567500114440918,0.9312079548835754,0.9324272871017456
