,alpha,temperature,loss,ACC,AUPR,AUROC
0,0.1,1.0,0.32673051953315735,0.874750018119812,0.9490323662757874,0.9488673210144043
1,0.1,2.0,0.412577748298645,0.8550000190734863,0.9343515038490295,0.932151198387146
2,0.1,3.0,0.344072163105011,0.8794999718666077,0.9544407725334167,0.9529075622558594
3,0.1,4.0,0.3936495780944824,0.8587499856948853,0.9409358501434326,0.9415972828865051
4,0.1,5.0,0.3585330843925476,0.8807500004768372,0.9584329128265381,0.9572471976280212
5,0.1,6.0,0.3765452802181244,0.8774999976158142,0.9481854438781738,0.9481323957443237
6,0.1,7.0,0.3392377495765686,0.8920000195503235,0.9558428525924683,0.9555690288543701
7,0.1,8.0,0.3342958986759186,0.8537499904632568,0.9342144131660461,0.9341728687286377
8,0.1,9.0,0.31451472640037537,0.890749990940094,0.9580599069595337,0.9572088718414307
9,0.1,10.0,0.38046449422836304,0.8565000295639038,0.9348479509353638,0.9334574937820435
10,0.1,11.0,0.5020262002944946,0.8412500023841858,0.9256830215454102,0.9245399832725525
11,0.1,12.0,0.3499453067779541,0.8694999814033508,0.9433017373085022,0.9431338310241699
12,0.1,13.0,0.36771437525749207,0.8600000143051147,0.9408564567565918,0.9401403069496155
13,0.1,14.0,0.39566224813461304,0.8637499809265137,0.9383355975151062,0.9385460615158081
14,0.1,15.0,0.3652243912220001,0.8245000243186951,0.9278110265731812,0.9277631640434265
15,0.15,1.0,0.36949995160102844,0.8379999995231628,0.936963677406311,0.9353886246681213
16,0.15,2.0,0.4278290867805481,0.8834999799728394,0.9570007920265198,0.9568464159965515
17,0.15,3.0,0.40696439146995544,0.8532500267028809,0.9352265000343323,0.9336401224136353
18,0.15,4.0,0.34789010882377625,0.8654999732971191,0.945070207118988,0.9426548480987549
19,0.15,5.0,0.35779666900634766,0.8857499957084656,0.9563100337982178,0.9573323726654053
20,0.15,6.0,0.3659694194793701,0.8697500228881836,0.9524176716804504,0.953998327255249
21,0.15,7.0,0.3031170964241028,0.8542500138282776,0.9501285552978516,0.9494147300720215
22,0.15,8.0,0.3572827875614166,0.8845000267028809,0.9573642611503601,0.957365870475769
23,0.15,9.0,0.28919774293899536,0.8734999895095825,0.9517656564712524,0.9517683982849121
24,0.15,10.0,0.4239892065525055,0.8532500267028809,0.9289163947105408,0.9297239780426025
25,0.15,11.0,0.39274370670318604,0.856249988079071,0.9340243935585022,0.9316959381103516
26,0.15,12.0,0.3677549958229065,0.8740000128746033,0.9468200206756592,0.9465844631195068
27,0.15,13.0,0.47729256749153137,0.8379999995231628,0.9167312979698181,0.9202131628990173
28,0.15,14.0,0.42719942331314087,0.8732500076293945,0.9441494941711426,0.9426555037498474
29,0.15,15.0,0.39802759885787964,0.8692499995231628,0.9422280788421631,0.9428650140762329
30,0.2,1.0,0.4149078130722046,0.8859999775886536,0.9542249441146851,0.955967128276825
31,0.2,2.0,0.41396480798721313,0.8399999737739563,0.9210065603256226,0.9195893406867981
32,0.2,3.0,0.3055295944213867,0.8537499904632568,0.9436860084533691,0.944024384021759
33,0.2,4.0,0.4334014058113098,0.8757500052452087,0.9522756934165955,0.9512494802474976
34,0.2,5.0,0.3665085434913635,0.8847500085830688,0.9549373388290405,0.9548028111457825
35,0.2,6.0,0.36603444814682007,0.859250009059906,0.941661536693573,0.9403001070022583
36,0.2,7.0,0.2904359996318817,0.8629999756813049,0.9348179697990417,0.9347299933433533
37,0.2,8.0,0.29928645491600037,0.8847500085830688,0.9602769613265991,0.9600693583488464
38,0.2,9.0,0.3325589597225189,0.8662499785423279,0.9436019062995911,0.9445579051971436
39,0.2,10.0,0.37517571449279785,0.8732500076293945,0.9507693648338318,0.9515975713729858
40,0.2,11.0,0.3395037353038788,0.8799999952316284,0.959120512008667,0.9574077129364014
41,0.2,12.0,0.37138521671295166,0.8442500233650208,0.9241229295730591,0.925926685333252
42,0.2,13.0,0.28475141525268555,0.8507500290870667,0.9405285120010376,0.9405035972595215
43,0.2,14.0,0.37572240829467773,0.8604999780654907,0.9450358152389526,0.9441223740577698
44,0.2,15.0,0.3632526993751526,0.8669999837875366,0.9452059864997864,0.9449138045310974
45,0.25,1.0,0.3695038855075836,0.8602499961853027,0.9437357783317566,0.9404626488685608
46,0.25,2.0,0.4097038805484772,0.8672500252723694,0.9421105980873108,0.9405667185783386
47,0.25,3.0,0.369649738073349,0.8577499985694885,0.9370876550674438,0.9349097013473511
48,0.25,4.0,0.41410619020462036,0.8542500138282776,0.9363707304000854,0.934576153755188
49,0.25,5.0,0.34367793798446655,0.8600000143051147,0.9444836378097534,0.9426894783973694
50,0.25,6.0,0.40947872400283813,0.8652499914169312,0.9438236951828003,0.9416345953941345
51,0.25,7.0,0.305855929851532,0.8442500233650208,0.9562772512435913,0.9564460515975952
52,0.25,8.0,0.3890928328037262,0.8527500033378601,0.9373325705528259,0.9368780851364136
53,0.25,9.0,0.32790687680244446,0.8772500157356262,0.9552474021911621,0.9534952044487
54,0.25,10.0,0.34167933464050293,0.8862500190734863,0.9543276429176331,0.9538994431495667
55,0.25,11.0,0.38908645510673523,0.8697500228881836,0.9491385817527771,0.9488462209701538
56,0.25,12.0,0.3285066783428192,0.875249981880188,0.9475212693214417,0.9471340179443359
57,0.25,13.0,0.41439446806907654,0.8634999990463257,0.9407602548599243,0.939825713634491
58,0.25,14.0,0.33588576316833496,0.8920000195503235,0.9602423310279846,0.9605839252471924
59,0.25,15.0,0.3556501567363739,0.871999979019165,0.9510252475738525,0.9495002627372742
60,0.3,1.0,0.4375959634780884,0.8510000109672546,0.9310848116874695,0.9298363327980042
61,0.3,2.0,0.4600626230239868,0.8632500171661377,0.935835599899292,0.9337506890296936
62,0.3,3.0,0.36020296812057495,0.8872500061988831,0.9555078744888306,0.9562056660652161
63,0.3,4.0,0.4034445583820343,0.859499990940094,0.9343006610870361,0.9342859387397766
64,0.3,5.0,0.351112425327301,0.8475000262260437,0.9366093873977661,0.9377118349075317
65,0.3,6.0,0.4346807599067688,0.843500018119812,0.9349162578582764,0.9355183243751526
66,0.3,7.0,0.47713297605514526,0.8424999713897705,0.9245564341545105,0.9230859279632568
67,0.3,8.0,0.38191279768943787,0.8507500290870667,0.9319709539413452,0.9335123896598816
68,0.3,9.0,0.38879087567329407,0.8370000123977661,0.9201833605766296,0.9188329577445984
69,0.3,10.0,0.37152618169784546,0.8522499799728394,0.9468328952789307,0.9469271302223206
70,0.3,11.0,0.2937759757041931,0.8744999766349792,0.9481221437454224,0.9481508135795593
71,0.3,12.0,0.3989531993865967,0.8737499713897705,0.9456589221954346,0.9473099112510681
72,0.3,13.0,0.3898031711578369,0.8554999828338623,0.932407796382904,0.9342334270477295
73,0.3,14.0,0.38296496868133545,0.8662499785423279,0.9425592422485352,0.9424110054969788
74,0.3,15.0,0.283831387758255,0.8887500166893005,0.9577428102493286,0.9591995477676392
75,0.35,1.0,0.4196263253688812,0.8847500085830688,0.9586482048034668,0.9569686651229858
76,0.35,2.0,0.34641700983047485,0.8784999847412109,0.9446249008178711,0.9427133202552795
77,0.35,3.0,0.38828861713409424,0.8560000061988831,0.9331896305084229,0.9329943656921387
78,0.35,4.0,0.3997044265270233,0.8650000095367432,0.9417885541915894,0.9430733919143677
79,0.35,5.0,0.30520787835121155,0.8702499866485596,0.9449241161346436,0.9435842633247375
80,0.35,6.0,0.43766576051712036,0.8805000185966492,0.9539690613746643,0.954348623752594
81,0.35,7.0,0.35913270711898804,0.8600000143051147,0.9373809099197388,0.9361311197280884
82,0.35,8.0,0.31618839502334595,0.8777499794960022,0.9524654746055603,0.9519133567810059
83,0.35,9.0,0.3484113812446594,0.8855000138282776,0.9559578895568848,0.9549617767333984
84,0.35,10.0,0.3404496908187866,0.8792499899864197,0.9548203349113464,0.9529922008514404
85,0.35,11.0,0.43606138229370117,0.8725000023841858,0.9459561109542847,0.9456353187561035
86,0.35,12.0,0.35380953550338745,0.8727499842643738,0.9443114399909973,0.9439720511436462
87,0.35,13.0,0.39515841007232666,0.8604999780654907,0.940717875957489,0.93913334608078
88,0.35,14.0,0.3864082098007202,0.8767499923706055,0.9499245285987854,0.9490166306495667
89,0.35,15.0,0.3225896954536438,0.8644999861717224,0.946090042591095,0.9450039863586426
90,0.4,1.0,0.31959256529808044,0.8817499876022339,0.9536465406417847,0.9529482126235962
91,0.4,2.0,0.43001604080200195,0.8634999990463257,0.9381252527236938,0.9379412531852722
92,0.4,3.0,0.2987169623374939,0.8774999976158142,0.9484010934829712,0.9475643634796143
93,0.4,4.0,0.3415693938732147,0.8794999718666077,0.9518086910247803,0.9516023397445679
94,0.4,5.0,0.32896021008491516,0.8700000047683716,0.9519158601760864,0.9508365988731384
95,0.4,6.0,0.43736401200294495,0.8640000224113464,0.9453928470611572,0.9452031254768372
96,0.4,7.0,0.39734914898872375,0.8477500081062317,0.9348781704902649,0.9331064820289612
97,0.4,8.0,0.356209397315979,0.8897500038146973,0.9523603320121765,0.9540780782699585
98,0.4,9.0,0.3835855722427368,0.8662499785423279,0.9393975734710693,0.9372525215148926
99,0.4,10.0,0.3465893268585205,0.8887500166893005,0.957518994808197,0.9582927227020264
100,0.4,11.0,0.3853378891944885,0.8817499876022339,0.9528164863586426,0.9521778225898743
101,0.4,12.0,0.3800925314426422,0.8557500243186951,0.935387134552002,0.9353094696998596
102,0.4,13.0,0.30064231157302856,0.8677499890327454,0.9491209983825684,0.9471710920333862
103,0.4,14.0,0.3867323100566864,0.8604999780654907,0.9387824535369873,0.9369007349014282
104,0.4,15.0,0.3861674666404724,0.8922500014305115,0.9566272497177124,0.9559712409973145
105,0.45,1.0,0.32758408784866333,0.8765000104904175,0.9510231614112854,0.9500184655189514
106,0.45,2.0,0.33150333166122437,0.8700000047683716,0.9467896223068237,0.9451789259910583
107,0.45,3.0,0.3383479714393616,0.8827499747276306,0.9521983861923218,0.9523332715034485
108,0.45,4.0,0.3068092167377472,0.8347499966621399,0.9241317510604858,0.9267789721488953
109,0.45,5.0,0.3678719699382782,0.8759999871253967,0.9530901908874512,0.9510232210159302
110,0.45,6.0,0.28843212127685547,0.8805000185966492,0.951762318611145,0.9510140419006348
111,0.45,7.0,0.33439451456069946,0.8767499923706055,0.9561002254486084,0.9562486410140991
112,0.45,8.0,0.37177664041519165,0.8427500128746033,0.9227165579795837,0.9237251281738281
113,0.45,9.0,0.36409884691238403,0.875,0.9494714736938477,0.9500728845596313
114,0.45,10.0,0.3630051612854004,0.8532500267028809,0.940886914730072,0.938749372959137
115,0.45,11.0,0.40208351612091064,0.8832499980926514,0.9552614092826843,0.9551467299461365
116,0.45,12.0,0.3813435733318329,0.8815000057220459,0.953187108039856,0.9526250958442688
117,0.45,13.0,0.24437552690505981,0.8912500143051147,0.9605170488357544,0.9608694911003113
118,0.45,14.0,0.42436301708221436,0.8634999990463257,0.9439165592193604,0.9426940679550171
119,0.45,15.0,0.3697704076766968,0.8822500109672546,0.9560896754264832,0.955203115940094
120,0.5,1.0,0.4326415956020355,0.8432499766349792,0.9259964823722839,0.9259966611862183
121,0.5,2.0,0.39819079637527466,0.8602499961853027,0.938221275806427,0.9362465143203735
122,0.5,3.0,0.4180809259414673,0.8734999895095825,0.9459601044654846,0.9474031329154968
123,0.5,4.0,0.3531872630119324,0.8895000219345093,0.9571241140365601,0.9578189849853516
124,0.5,5.0,0.40595996379852295,0.8705000281333923,0.9525097012519836,0.9518447518348694
125,0.5,6.0,0.3200983703136444,0.8840000033378601,0.957349956035614,0.956619143486023
126,0.5,7.0,0.38545313477516174,0.8675000071525574,0.9425628185272217,0.9419445991516113
127,0.5,8.0,0.3258644938468933,0.8682500123977661,0.9425349831581116,0.9430034160614014
128,0.5,9.0,0.36399218440055847,0.8730000257492065,0.9491552114486694,0.9476249814033508
129,0.5,10.0,0.3825245797634125,0.8672500252723694,0.9394418597221375,0.9398871064186096
130,0.5,11.0,0.41230180859565735,0.8634999990463257,0.9377154111862183,0.9365909695625305
131,0.5,12.0,0.31626981496810913,0.8730000257492065,0.9477615356445312,0.946839451789856
132,0.5,13.0,0.35429641604423523,0.8622499704360962,0.9460098743438721,0.9452961683273315
133,0.5,14.0,0.3541410267353058,0.8529999852180481,0.9331517815589905,0.9318435192108154
134,0.5,15.0,0.4269452393054962,0.8622499704360962,0.938596785068512,0.937150239944458
135,0.55,1.0,0.3098334074020386,0.8617500066757202,0.9401013851165771,0.9399431943893433
136,0.55,2.0,0.39322400093078613,0.8349999785423279,0.9317803978919983,0.9302407503128052
137,0.55,3.0,0.4206102192401886,0.8600000143051147,0.9399874806404114,0.9376298785209656
138,0.55,4.0,0.358986496925354,0.8855000138282776,0.9569717645645142,0.9566887617111206
139,0.55,5.0,0.4008696377277374,0.8757500052452087,0.9495488405227661,0.9478902816772461
140,0.55,6.0,0.34173619747161865,0.8700000047683716,0.9551263451576233,0.9554751515388489
141,0.55,7.0,0.29376721382141113,0.8820000290870667,0.9528372883796692,0.9528509378433228
142,0.55,8.0,0.36509087681770325,0.8679999709129333,0.9466731548309326,0.9455782175064087
143,0.55,9.0,0.3826984167098999,0.8659999966621399,0.9391077756881714,0.9391950964927673
144,0.55,10.0,0.3800402879714966,0.8577499985694885,0.9375380873680115,0.9343380331993103
145,0.55,11.0,0.401042103767395,0.8702499866485596,0.9461149573326111,0.9445863962173462
146,0.55,12.0,0.33165979385375977,0.8679999709129333,0.9441376328468323,0.94342041015625
147,0.55,13.0,0.39297354221343994,0.8537499904632568,0.9380438923835754,0.9377550482749939
148,0.55,14.0,0.3477746844291687,0.8707500100135803,0.9415218234062195,0.9390180706977844
149,0.55,15.0,0.34569913148880005,0.8834999799728394,0.9520120620727539,0.9526376128196716
150,0.6,1.0,0.4370291829109192,0.8644999861717224,0.9433790445327759,0.9421770572662354
151,0.6,2.0,0.4111248850822449,0.8522499799728394,0.9310096502304077,0.9309365153312683
152,0.6,3.0,0.43703022599220276,0.8679999709129333,0.942695140838623,0.9417690634727478
153,0.6,4.0,0.40447166562080383,0.8557500243186951,0.9307588338851929,0.9305349588394165
154,0.6,5.0,0.40565162897109985,0.843500018119812,0.9195626974105835,0.9209082126617432
155,0.6,6.0,0.3608696162700653,0.8682500123977661,0.9468023180961609,0.9452114701271057
156,0.6,7.0,0.3414229154586792,0.8774999976158142,0.9538227319717407,0.9537314176559448
157,0.6,8.0,0.3418126404285431,0.8812500238418579,0.9511668086051941,0.9513099193572998
158,0.6,9.0,0.40633147954940796,0.8762500286102295,0.9458759427070618,0.9467421174049377
159,0.6,10.0,0.46672701835632324,0.8452500104904175,0.9219292998313904,0.9226890206336975
160,0.6,11.0,0.45750129222869873,0.8617500066757202,0.9381766319274902,0.936026930809021
161,0.6,12.0,0.39171725511550903,0.8672500252723694,0.9457557201385498,0.9456474781036377
162,0.6,13.0,0.33580899238586426,0.8707500100135803,0.9468857645988464,0.9457629323005676
163,0.6,14.0,0.39910298585891724,0.8837500214576721,0.9512699842453003,0.9528911113739014
164,0.6,15.0,0.40765485167503357,0.8725000023841858,0.9479995965957642,0.9454155564308167
165,0.65,1.0,0.329334020614624,0.8684999942779541,0.943892240524292,0.9434306621551514
166,0.65,2.0,0.3108760416507721,0.8550000190734863,0.9380674958229065,0.937475323677063
167,0.65,3.0,0.4899657666683197,0.8650000095367432,0.9339581727981567,0.9331190586090088
168,0.65,4.0,0.3426085114479065,0.8832499980926514,0.9578452110290527,0.9579039216041565
169,0.65,5.0,0.3606233596801758,0.8309999704360962,0.9423142671585083,0.941962718963623
170,0.65,6.0,0.35540035367012024,0.878000020980835,0.9528740644454956,0.9524149298667908
171,0.65,7.0,0.3243142068386078,0.8582500219345093,0.9372571706771851,0.9356343746185303
172,0.65,8.0,0.37998130917549133,0.8712499737739563,0.9506927132606506,0.9482287168502808
173,0.65,9.0,0.35900503396987915,0.8690000176429749,0.9477448463439941,0.9459638595581055
174,0.65,10.0,0.3239307403564453,0.8762500286102295,0.9502242803573608,0.9494704008102417
175,0.65,11.0,0.3852253556251526,0.8734999895095825,0.9505774974822998,0.948319673538208
176,0.65,12.0,0.37457889318466187,0.8727499842643738,0.9432367086410522,0.9424892067909241
177,0.65,13.0,0.4009891152381897,0.8650000095367432,0.9400877952575684,0.937317430973053
178,0.65,14.0,0.43855082988739014,0.8707500100135803,0.9472875595092773,0.9447270631790161
179,0.65,15.0,0.32660186290740967,0.878250002861023,0.9518618583679199,0.9508554339408875
180,0.7,1.0,0.35046297311782837,0.8627499938011169,0.9456210732460022,0.9440678358078003
181,0.7,2.0,0.33556216955184937,0.8767499923706055,0.9547410607337952,0.9531072378158569
182,0.7,3.0,0.41868987679481506,0.8740000128746033,0.949995756149292,0.9482620358467102
183,0.7,4.0,0.3586748540401459,0.8830000162124634,0.950857937335968,0.950576663017273
184,0.7,5.0,0.363883912563324,0.8619999885559082,0.940525233745575,0.9407069087028503
185,0.7,6.0,0.29968225955963135,0.8362500071525574,0.9494639039039612,0.9497556090354919
186,0.7,7.0,0.31392794847488403,0.8610000014305115,0.9411420226097107,0.9395833015441895
187,0.7,8.0,0.324293315410614,0.8824999928474426,0.9508008360862732,0.9509890079498291
188,0.7,9.0,0.2593548595905304,0.875,0.9501731395721436,0.9508301019668579
189,0.7,10.0,0.32261335849761963,0.84375,0.9397017359733582,0.9392797946929932
190,0.7,11.0,0.3473755121231079,0.8827499747276306,0.9552206993103027,0.9558678269386292
191,0.7,12.0,0.35013657808303833,0.8759999871253967,0.9494901895523071,0.9497905969619751
192,0.7,13.0,0.3702719211578369,0.8560000061988831,0.9357497096061707,0.9355458617210388
193,0.7,14.0,0.43124401569366455,0.8687499761581421,0.9421895742416382,0.9419726133346558
194,0.7,15.0,0.30605530738830566,0.8730000257492065,0.949022650718689,0.9469552040100098
195,0.75,1.0,0.395172119140625,0.8539999723434448,0.9367170333862305,0.9352807402610779
196,0.75,2.0,0.374001145362854,0.8522499799728394,0.9369571208953857,0.9354401230812073
197,0.75,3.0,0.35869795083999634,0.8567500114440918,0.9391222596168518,0.9372260570526123
198,0.75,4.0,0.37609583139419556,0.8687499761581421,0.9459854960441589,0.9457026720046997
199,0.75,5.0,0.3694848418235779,0.8510000109672546,0.9360482692718506,0.9377686977386475
200,0.75,6.0,0.3654917776584625,0.8809999823570251,0.9490764737129211,0.9495385885238647
201,0.75,7.0,0.30587369203567505,0.8715000152587891,0.9452888369560242,0.9449779987335205
202,0.75,8.0,0.4766830801963806,0.8667500019073486,0.9399523735046387,0.9401078820228577
203,0.75,9.0,0.4640205502510071,0.8652499914169312,0.9415392875671387,0.9405343532562256
204,0.75,10.0,0.37140733003616333,0.8837500214576721,0.9534685611724854,0.9517727494239807
205,0.75,11.0,0.36744415760040283,0.8539999723434448,0.9321906566619873,0.9331368207931519
206,0.75,12.0,0.41878628730773926,0.8414999842643738,0.933546781539917,0.9329241514205933
207,0.75,13.0,0.35759854316711426,0.8577499985694885,0.9340344667434692,0.9333474636077881
208,0.75,14.0,0.4378059208393097,0.8507500290870667,0.9297951459884644,0.9291507005691528
209,0.75,15.0,0.3064361810684204,0.8859999775886536,0.9562352895736694,0.9556910395622253
210,0.8,1.0,0.32957494258880615,0.8737499713897705,0.9512006640434265,0.9503939747810364
211,0.8,2.0,0.32265225052833557,0.8694999814033508,0.9416817426681519,0.9425111413002014
212,0.8,3.0,0.40051934123039246,0.8667500019073486,0.9442436695098877,0.943689227104187
213,0.8,4.0,0.3895655870437622,0.8690000176429749,0.9446238279342651,0.9445939064025879
214,0.8,5.0,0.4377072751522064,0.8610000014305115,0.9378563165664673,0.9366545081138611
215,0.8,6.0,0.33825066685676575,0.8445000052452087,0.9244205951690674,0.9220577478408813
216,0.8,7.0,0.2932128310203552,0.8485000133514404,0.93768709897995,0.9387156963348389
217,0.8,8.0,0.40545934438705444,0.8672500252723694,0.9413352012634277,0.9407259821891785
218,0.8,9.0,0.2976507544517517,0.8939999938011169,0.9581449031829834,0.9590859413146973
219,0.8,10.0,0.40941786766052246,0.8619999885559082,0.9370949268341064,0.9371538758277893
220,0.8,11.0,0.3691999614238739,0.8809999823570251,0.9549978971481323,0.9552128911018372
221,0.8,12.0,0.40457838773727417,0.8784999847412109,0.9474102854728699,0.947277307510376
222,0.8,13.0,0.4117850661277771,0.8587499856948853,0.9353143572807312,0.9346681833267212
223,0.8,14.0,0.4763560891151428,0.8420000076293945,0.9258946776390076,0.9242236018180847
224,0.8,15.0,0.32057905197143555,0.8612499833106995,0.9349278807640076,0.935950756072998
225,0.85,1.0,0.48448890447616577,0.8267499804496765,0.9198547601699829,0.9190554022789001
226,0.85,2.0,0.31114599108695984,0.8824999928474426,0.9557124376296997,0.9567049145698547
227,0.85,3.0,0.33289170265197754,0.8622499704360962,0.9622778296470642,0.96281898021698
228,0.85,4.0,0.29293766617774963,0.8690000176429749,0.9486518502235413,0.946678102016449
229,0.85,5.0,0.33393871784210205,0.8727499842643738,0.9484021067619324,0.9464283585548401
230,0.85,6.0,0.4079776108264923,0.8734999895095825,0.9468568563461304,0.94663405418396
231,0.85,7.0,0.42853423953056335,0.8682500123977661,0.9449763298034668,0.9438163042068481
232,0.85,8.0,0.3676113784313202,0.8687499761581421,0.9466332793235779,0.9464285373687744
233,0.85,9.0,0.377902626991272,0.8877500295639038,0.9553911089897156,0.9553149342536926
234,0.85,10.0,0.39189860224723816,0.8834999799728394,0.9538827538490295,0.9519078135490417
235,0.85,11.0,0.38647058606147766,0.8387500047683716,0.9207492470741272,0.9204780459403992
236,0.85,12.0,0.32189828157424927,0.8679999709129333,0.9440445899963379,0.9422926306724548
237,0.85,13.0,0.42684999108314514,0.8422499895095825,0.9243988990783691,0.9224773049354553
238,0.85,14.0,0.41186216473579407,0.8532500267028809,0.9321539998054504,0.9322673678398132
239,0.85,15.0,0.4085657000541687,0.8730000257492065,0.9466850757598877,0.9463738799095154
240,0.9,1.0,0.4859488904476166,0.8374999761581421,0.9178213477134705,0.9178845882415771
241,0.9,2.0,0.4962177276611328,0.862500011920929,0.9434736967086792,0.9424092173576355
242,0.9,3.0,0.33731356263160706,0.8725000023841858,0.9457389116287231,0.9465157389640808
243,0.9,4.0,0.3279644250869751,0.8792499899864197,0.9538482427597046,0.9533454179763794
244,0.9,5.0,0.39791834354400635,0.8479999899864197,0.9282869100570679,0.9262356162071228
245,0.9,6.0,0.4478513300418854,0.875249981880188,0.9493871927261353,0.9481297135353088
246,0.9,7.0,0.4098043441772461,0.8527500033378601,0.9318667650222778,0.9326407313346863
247,0.9,8.0,0.3658588230609894,0.8787500262260437,0.9519228935241699,0.9517529010772705
248,0.9,9.0,0.373628705739975,0.875,0.9495954513549805,0.9497765302658081
249,0.9,10.0,0.36856865882873535,0.8642500042915344,0.9444258809089661,0.9463884830474854
250,0.9,11.0,0.35506001114845276,0.8725000023841858,0.9519229531288147,0.9509631395339966
251,0.9,12.0,0.39616578817367554,0.8687499761581421,0.9434313774108887,0.9437732100486755
252,0.9,13.0,0.35932251811027527,0.8759999871253967,0.951291561126709,0.9508960843086243
253,0.9,14.0,0.3345133662223816,0.8845000267028809,0.9553346633911133,0.9549015164375305
254,0.9,15.0,0.33280670642852783,0.8784999847412109,0.9527086019515991,0.9521690011024475
255,0.95,1.0,0.3466457426548004,0.8487499952316284,0.9393227696418762,0.9367336630821228
256,0.95,2.0,0.3461900055408478,0.8772500157356262,0.9483274221420288,0.9478691816329956
257,0.95,3.0,0.29594042897224426,0.8862500190734863,0.9578479528427124,0.9573583602905273
258,0.95,4.0,0.3389430046081543,0.8647500276565552,0.9406518936157227,0.9392633438110352
259,0.95,5.0,0.342104971408844,0.8834999799728394,0.9521795511245728,0.9527089595794678
260,0.95,6.0,0.3617735505104065,0.8587499856948853,0.9458819031715393,0.9452177882194519
261,0.95,7.0,0.3013068437576294,0.8529999852180481,0.9480625987052917,0.9477334022521973
262,0.95,8.0,0.36657047271728516,0.8824999928474426,0.9546899795532227,0.9538148045539856
263,0.95,9.0,0.2799380123615265,0.8812500238418579,0.9571460485458374,0.9567087888717651
264,0.95,10.0,0.4025801420211792,0.8652499914169312,0.9429426789283752,0.9434341788291931
265,0.95,11.0,0.31824788451194763,0.8755000233650208,0.9530181288719177,0.9519443511962891
266,0.95,12.0,0.297035813331604,0.8862500190734863,0.9521021842956543,0.9521040916442871
267,0.95,13.0,0.4157070517539978,0.8662499785423279,0.9436389803886414,0.943936288356781
268,0.95,14.0,0.4314248561859131,0.8492500185966492,0.9280570149421692,0.9278249740600586
269,0.95,15.0,0.3807346224784851,0.8712499737739563,0.9480272531509399,0.948601484298706
