,alpha,temperature,loss,ACC,AUPR,AUROC
0,0.05,1.0,0.3392912447452545,0.8947499990463257,0.9608138799667358,0.9596166014671326
1,0.05,2.0,0.4603927433490753,0.8634999990463257,0.9406000971794128,0.9391665458679199
2,0.05,3.0,0.39688920974731445,0.8612499833106995,0.9412745237350464,0.939242422580719
3,0.05,4.0,0.47759097814559937,0.8542500138282776,0.9319028854370117,0.9302031397819519
4,0.05,5.0,0.31232765316963196,0.8837500214576721,0.9543265700340271,0.9546008110046387
5,0.05,6.0,0.48429977893829346,0.8500000238418579,0.9301592111587524,0.9288672804832458
6,0.05,7.0,0.3771875500679016,0.8740000128746033,0.9515032172203064,0.9512481093406677
7,0.05,8.0,0.4035780131816864,0.8627499938011169,0.9406783580780029,0.9396392107009888
8,0.05,9.0,0.3529428243637085,0.8675000071525574,0.9456430673599243,0.9461720585823059
9,0.05,10.0,0.2674442231655121,0.8817499876022339,0.9558337926864624,0.9576882123947144
10,0.1,1.0,0.5461959838867188,0.8295000195503235,0.9105826020240784,0.9123097062110901
11,0.1,2.0,0.34712734818458557,0.8690000176429749,0.9432917237281799,0.9435762166976929
12,0.1,3.0,0.5169211030006409,0.8059999942779541,0.9072079062461853,0.9066221117973328
13,0.1,4.0,0.418475866317749,0.8492500185966492,0.932881772518158,0.9317322969436646
14,0.1,5.0,0.3386370539665222,0.8495000004768372,0.9439295530319214,0.9438461065292358
15,0.1,6.0,0.338657021522522,0.8759999871253967,0.9595088362693787,0.9590063095092773
16,0.1,7.0,0.3315194249153137,0.8922500014305115,0.9582267999649048,0.9586870670318604
17,0.1,8.0,0.40235215425491333,0.8517500162124634,0.9266347885131836,0.9281644225120544
18,0.1,9.0,0.3504112958908081,0.878000020980835,0.9554431438446045,0.955183207988739
19,0.1,10.0,0.4030386507511139,0.8642500042915344,0.9473985433578491,0.9466289281845093
20,0.15,1.0,0.3306860327720642,0.8565000295639038,0.9376488924026489,0.935775876045227
21,0.15,2.0,0.4451487362384796,0.8612499833106995,0.937165379524231,0.935213029384613
22,0.15,3.0,0.49364909529685974,0.8360000252723694,0.9182947278022766,0.9216723442077637
23,0.15,4.0,0.45297932624816895,0.8702499866485596,0.9466438293457031,0.9448838233947754
24,0.15,5.0,0.33690184354782104,0.8684999942779541,0.951842725276947,0.9512714147567749
25,0.15,6.0,0.3295438885688782,0.8632500171661377,0.9371300339698792,0.9384070038795471
26,0.15,7.0,0.42695581912994385,0.8517500162124634,0.9286826848983765,0.9269117116928101
27,0.15,8.0,0.43069785833358765,0.8565000295639038,0.9362779259681702,0.9353311061859131
28,0.15,9.0,0.4465131461620331,0.8700000047683716,0.9361776113510132,0.9386643171310425
29,0.15,10.0,0.3796013593673706,0.859749972820282,0.9339295029640198,0.9353994727134705
30,0.2,1.0,0.37261486053466797,0.84375,0.9213071465492249,0.9220383763313293
31,0.2,2.0,0.3537141680717468,0.8527500033378601,0.9426308870315552,0.9413873553276062
32,0.2,3.0,0.459628164768219,0.8715000152587891,0.9397558569908142,0.942089319229126
33,0.2,4.0,0.3711574375629425,0.8715000152587891,0.9450882077217102,0.9448157548904419
34,0.2,5.0,0.35389649868011475,0.8765000104904175,0.948314905166626,0.9479449987411499
35,0.2,6.0,0.2989780306816101,0.8640000224113464,0.9453330636024475,0.944606602191925
36,0.2,7.0,0.3848022520542145,0.871749997138977,0.9413136839866638,0.9422255754470825
37,0.2,8.0,0.3577835261821747,0.875,0.945023775100708,0.9456495046615601
38,0.2,9.0,0.38461822271347046,0.8557500243186951,0.9367856383323669,0.9351221919059753
39,0.2,10.0,0.425586998462677,0.8587499856948853,0.9322624206542969,0.9334661960601807
40,0.25,1.0,0.3067542612552643,0.8692499995231628,0.9425862431526184,0.9439391493797302
41,0.25,2.0,0.286959707736969,0.8532500267028809,0.9607251882553101,0.9600250720977783
42,0.25,3.0,0.35503530502319336,0.8732500076293945,0.9476718902587891,0.9463276267051697
43,0.25,4.0,0.4112178087234497,0.8744999766349792,0.9460256099700928,0.9455609321594238
44,0.25,5.0,0.4056362509727478,0.8560000061988831,0.9355863928794861,0.9335580468177795
45,0.25,6.0,0.36628633737564087,0.8637499809265137,0.9380720257759094,0.9377223253250122
46,0.25,7.0,0.34273970127105713,0.8847500085830688,0.9581172466278076,0.9577476382255554
47,0.25,8.0,0.4246593415737152,0.8642500042915344,0.9392082095146179,0.9387689828872681
48,0.25,9.0,0.4561106562614441,0.8442500233650208,0.9212865233421326,0.9243364930152893
49,0.25,10.0,0.4163833558559418,0.8794999718666077,0.9415066242218018,0.9435186982154846
50,0.3,1.0,0.33444052934646606,0.8665000200271606,0.941881537437439,0.94227135181427
51,0.3,2.0,0.3767756223678589,0.8792499899864197,0.9521319270133972,0.9508637189865112
52,0.3,3.0,0.27964308857917786,0.8679999709129333,0.9430781602859497,0.9429935812950134
53,0.3,4.0,0.3360854387283325,0.8634999990463257,0.9425920844078064,0.9397557377815247
54,0.3,5.0,0.40680551528930664,0.8585000038146973,0.9383330941200256,0.9347342848777771
55,0.3,6.0,0.3829142451286316,0.8610000014305115,0.9379626512527466,0.9368618726730347
56,0.3,7.0,0.2897702157497406,0.871749997138977,0.9501432776451111,0.9486920833587646
57,0.3,8.0,0.36361122131347656,0.8632500171661377,0.9379156827926636,0.9381083250045776
58,0.3,9.0,0.36684924364089966,0.8809999823570251,0.9553227424621582,0.9552276134490967
59,0.3,10.0,0.3356897830963135,0.8642500042915344,0.9388965368270874,0.9379540681838989
60,0.35,1.0,0.3589971959590912,0.8715000152587891,0.9432487487792969,0.9436773657798767
61,0.35,2.0,0.32855039834976196,0.878250002861023,0.948650062084198,0.9497696757316589
62,0.35,3.0,0.3499388098716736,0.8632500171661377,0.9461199045181274,0.9453933835029602
63,0.35,4.0,0.4488813877105713,0.8537499904632568,0.9368237257003784,0.9355171918869019
64,0.35,5.0,0.34376776218414307,0.8855000138282776,0.9537774920463562,0.953079342842102
65,0.35,6.0,0.42833471298217773,0.8617500066757202,0.9456894397735596,0.943282961845398
66,0.35,7.0,0.4038621187210083,0.8507500290870667,0.922578752040863,0.9251703023910522
67,0.35,8.0,0.3162408471107483,0.8654999732971191,0.9405544996261597,0.9402948021888733
68,0.35,9.0,0.3265390992164612,0.8840000033378601,0.9557972550392151,0.9548987150192261
69,0.35,10.0,0.32112789154052734,0.8845000267028809,0.9552702307701111,0.9565521478652954
70,0.4,1.0,0.379406601190567,0.8252500295639038,0.9057673811912537,0.9066760540008545
71,0.4,2.0,0.40069514513015747,0.8542500138282776,0.931100606918335,0.9311013221740723
72,0.4,3.0,0.35675251483917236,0.8582500219345093,0.9335856437683105,0.9338794946670532
73,0.4,4.0,0.35011035203933716,0.8600000143051147,0.9358529448509216,0.9362646341323853
74,0.4,5.0,0.42892760038375854,0.8722500205039978,0.9440172910690308,0.9431688189506531
75,0.4,6.0,0.38973990082740784,0.8537499904632568,0.9346500635147095,0.9333374500274658
76,0.4,7.0,0.4156780540943146,0.8525000214576721,0.9365635514259338,0.9351156949996948
77,0.4,8.0,0.47932255268096924,0.8539999723434448,0.9314852952957153,0.9290977716445923
78,0.4,9.0,0.37361156940460205,0.8767499923706055,0.9508136510848999,0.9498554468154907
79,0.4,10.0,0.3139007091522217,0.8627499938011169,0.9424030780792236,0.9410080909729004
80,0.45,1.0,0.34397655725479126,0.8640000224113464,0.9474119544029236,0.9442533254623413
81,0.45,2.0,0.37363776564598083,0.8600000143051147,0.9443341493606567,0.9434510469436646
82,0.45,3.0,0.2897520661354065,0.8700000047683716,0.9495988488197327,0.9506818652153015
83,0.45,4.0,0.39169222116470337,0.8675000071525574,0.9381716847419739,0.9384142160415649
84,0.45,5.0,0.32669949531555176,0.8932499885559082,0.9592202305793762,0.9594346880912781
85,0.45,6.0,0.35964685678482056,0.8547499775886536,0.933562159538269,0.9327967166900635
86,0.45,7.0,0.387755811214447,0.8412500023841858,0.9337013959884644,0.9337748885154724
87,0.45,8.0,0.38861948251724243,0.8830000162124634,0.9568913578987122,0.9564566612243652
88,0.45,9.0,0.3311273157596588,0.8802499771118164,0.951939046382904,0.9512831568717957
89,0.45,10.0,0.2949478328227997,0.8705000281333923,0.9470741748809814,0.9461511969566345
90,0.5,1.0,0.3684774935245514,0.8682500123977661,0.9466294050216675,0.9444699287414551
91,0.5,2.0,0.4290270209312439,0.859000027179718,0.9356323480606079,0.9337012767791748
92,0.5,3.0,0.3847784698009491,0.8755000233650208,0.9484995007514954,0.9499470591545105
93,0.5,4.0,0.40587154030799866,0.8767499923706055,0.9471302032470703,0.945007860660553
94,0.5,5.0,0.349342405796051,0.8744999766349792,0.9536025524139404,0.9542754888534546
95,0.5,6.0,0.33833974599838257,0.8682500123977661,0.9421156048774719,0.9397711753845215
96,0.5,7.0,0.36356720328330994,0.8742499947547913,0.9457519054412842,0.9471439123153687
97,0.5,8.0,0.29140785336494446,0.8755000233650208,0.9519132971763611,0.9514471292495728
98,0.5,9.0,0.43313008546829224,0.859499990940094,0.9391046762466431,0.9390009641647339
99,0.5,10.0,0.3106885254383087,0.8802499771118164,0.947925329208374,0.9475575089454651
100,0.55,1.0,0.39820200204849243,0.8737499713897705,0.9480971097946167,0.947635293006897
101,0.55,2.0,0.38839659094810486,0.8667500019073486,0.9441874027252197,0.9441471695899963
102,0.55,3.0,0.4106703996658325,0.8612499833106995,0.9386551380157471,0.9374088048934937
103,0.55,4.0,0.31609776616096497,0.8700000047683716,0.9446758031845093,0.9455409646034241
104,0.55,5.0,0.33581656217575073,0.8619999885559082,0.9392932057380676,0.9389304518699646
105,0.55,6.0,0.38303619623184204,0.8644999861717224,0.9458857774734497,0.9444053769111633
106,0.55,7.0,0.3920019865036011,0.8569999933242798,0.9364885091781616,0.9354667663574219
107,0.55,8.0,0.35653966665267944,0.8610000014305115,0.9438812136650085,0.9429273009300232
108,0.55,9.0,0.39996248483657837,0.8550000190734863,0.9322057962417603,0.9296103715896606
109,0.55,10.0,0.35745272040367126,0.8715000152587891,0.9443846940994263,0.9433668255805969
110,0.6,1.0,0.36099833250045776,0.8707500100135803,0.9527000188827515,0.9530648589134216
111,0.6,2.0,0.3345967233181,0.8532500267028809,0.9387049078941345,0.9394371509552002
112,0.6,3.0,0.3083842396736145,0.8712499737739563,0.9497894644737244,0.9491063952445984
113,0.6,4.0,0.2908470034599304,0.8587499856948853,0.9381986260414124,0.9373322129249573
114,0.6,5.0,0.42631933093070984,0.8662499785423279,0.9397131204605103,0.9398059248924255
115,0.6,6.0,0.38195088505744934,0.8942499756813049,0.9600385427474976,0.9602771997451782
116,0.6,7.0,0.4107550382614136,0.878250002861023,0.9465276002883911,0.9470000267028809
117,0.6,8.0,0.4071642756462097,0.8694999814033508,0.9510034322738647,0.9500122666358948
118,0.6,9.0,0.34902137517929077,0.8464999794960022,0.946660578250885,0.9469733238220215
119,0.6,10.0,0.4812072515487671,0.8529999852180481,0.9348181486129761,0.9341618418693542
120,0.65,1.0,0.4126608967781067,0.8669999837875366,0.9412883520126343,0.9420157670974731
121,0.65,2.0,0.42942553758621216,0.8692499995231628,0.9465339779853821,0.9466407299041748
122,0.65,3.0,0.3644320070743561,0.8787500262260437,0.9504873156547546,0.9487632513046265
123,0.65,4.0,0.3481607437133789,0.871749997138977,0.9453936219215393,0.9457757472991943
124,0.65,5.0,0.3694666922092438,0.8322499990463257,0.942459762096405,0.9433187246322632
125,0.65,6.0,0.370805025100708,0.859749972820282,0.9351015090942383,0.9339728355407715
126,0.65,7.0,0.38452044129371643,0.8612499833106995,0.9412301778793335,0.9389711618423462
127,0.65,8.0,0.36852967739105225,0.8647500276565552,0.9434142112731934,0.9407505393028259
128,0.65,9.0,0.4066051244735718,0.859000027179718,0.9349097013473511,0.9338232278823853
129,0.65,10.0,0.33701783418655396,0.8755000233650208,0.9470099210739136,0.9450504183769226
130,0.7,1.0,0.37627097964286804,0.8727499842643738,0.9445267915725708,0.9442582130432129
131,0.7,2.0,0.3000606298446655,0.8697500228881836,0.9449053406715393,0.9452446699142456
132,0.7,3.0,0.3561594486236572,0.8327500224113464,0.9195848107337952,0.9177032113075256
133,0.7,4.0,0.345979779958725,0.878000020980835,0.9612107872962952,0.9607324600219727
134,0.7,5.0,0.42701607942581177,0.8495000004768372,0.929816484451294,0.9312991499900818
135,0.7,6.0,0.30267536640167236,0.8809999823570251,0.9553887844085693,0.9546784162521362
136,0.7,7.0,0.32525724172592163,0.8657500147819519,0.9427621364593506,0.9416691660881042
137,0.7,8.0,0.3776819109916687,0.8769999742507935,0.9552227258682251,0.9541649222373962
138,0.7,9.0,0.44624435901641846,0.8492500185966492,0.9337831735610962,0.932118833065033
139,0.7,10.0,0.33892256021499634,0.8682500123977661,0.9449425935745239,0.9461623430252075
140,0.75,1.0,0.46737557649612427,0.8557500243186951,0.9310018420219421,0.9294295310974121
141,0.75,2.0,0.34908005595207214,0.8577499985694885,0.9439871311187744,0.9428079128265381
142,0.75,3.0,0.34608009457588196,0.8622499704360962,0.9431489109992981,0.9433595538139343
143,0.75,4.0,0.4425913691520691,0.8615000247955322,0.9372222423553467,0.9361506104469299
144,0.75,5.0,0.4369450509548187,0.8567500114440918,0.9345566034317017,0.933986246585846
145,0.75,6.0,0.3966304063796997,0.8464999794960022,0.9365401268005371,0.9344422817230225
146,0.75,7.0,0.43529316782951355,0.8397499918937683,0.9259701371192932,0.9241066575050354
147,0.75,8.0,0.2951623201370239,0.8792499899864197,0.9512888193130493,0.9511145949363708
148,0.75,9.0,0.3468399941921234,0.8644999861717224,0.9480272531509399,0.9493457078933716
149,0.75,10.0,0.3820152282714844,0.8694999814033508,0.9465667605400085,0.9455471038818359
150,0.8,1.0,0.36682504415512085,0.8569999933242798,0.9379927515983582,0.9371095299720764
151,0.8,2.0,0.437711238861084,0.8517500162124634,0.929033637046814,0.9272264242172241
152,0.8,3.0,0.3026827871799469,0.8657500147819519,0.942997932434082,0.9439871907234192
153,0.8,4.0,0.3211102783679962,0.8832499980926514,0.9537799954414368,0.953077495098114
154,0.8,5.0,0.43466320633888245,0.8572499752044678,0.9315441846847534,0.9331783056259155
155,0.8,6.0,0.38065922260284424,0.8429999947547913,0.9251585602760315,0.9238328337669373
156,0.8,7.0,0.35460662841796875,0.8757500052452087,0.9474064707756042,0.9471836686134338
157,0.8,8.0,0.32026207447052,0.8862500190734863,0.9552378058433533,0.9548789262771606
158,0.8,9.0,0.4185906648635864,0.8812500238418579,0.9510630965232849,0.9505469799041748
159,0.8,10.0,0.3849389851093292,0.8737499713897705,0.9613634943962097,0.9607388377189636
160,0.85,1.0,0.3879837393760681,0.875,0.9505830407142639,0.947807788848877
161,0.85,2.0,0.32190874218940735,0.8777499794960022,0.9494261741638184,0.9466009736061096
162,0.85,3.0,0.41918522119522095,0.8510000109672546,0.9328205585479736,0.9312065243721008
163,0.85,4.0,0.4356081485748291,0.8690000176429749,0.9460511803627014,0.9452940821647644
164,0.85,5.0,0.4445808231830597,0.859749972820282,0.936637818813324,0.9354333877563477
165,0.85,6.0,0.3754647970199585,0.8767499923706055,0.9541312456130981,0.9532918930053711
166,0.85,7.0,0.31999635696411133,0.8585000038146973,0.9366360306739807,0.9361972808837891
167,0.85,8.0,0.29480111598968506,0.8665000200271606,0.9438891410827637,0.9414942264556885
168,0.85,9.0,0.3356304168701172,0.8582500219345093,0.94976806640625,0.9507397413253784
169,0.85,10.0,0.3243992328643799,0.8892499804496765,0.9628686904907227,0.9614515900611877
170,0.9,1.0,0.32760074734687805,0.8774999976158142,0.9590442776679993,0.9595938920974731
171,0.9,2.0,0.37471485137939453,0.8762500286102295,0.9480158090591431,0.9472128748893738
172,0.9,3.0,0.3272670805454254,0.8740000128746033,0.9478760957717896,0.9474104046821594
173,0.9,4.0,0.4119090735912323,0.8662499785423279,0.9436177015304565,0.9429454803466797
174,0.9,5.0,0.45769602060317993,0.8342499732971191,0.916339635848999,0.9149967432022095
175,0.9,6.0,0.33034801483154297,0.875249981880188,0.9452420473098755,0.9455927014350891
176,0.9,7.0,0.4404233396053314,0.8504999876022339,0.9266762733459473,0.9253268837928772
177,0.9,8.0,0.34839820861816406,0.890250027179718,0.961311936378479,0.9613870978355408
178,0.9,9.0,0.3758024573326111,0.8632500171661377,0.9393227100372314,0.9377120137214661
179,0.9,10.0,0.37364405393600464,0.8774999976158142,0.9562360644340515,0.9556390047073364
180,0.95,1.0,0.3671513795852661,0.8787500262260437,0.9498007297515869,0.9474127292633057
181,0.95,2.0,0.42329078912734985,0.8622499704360962,0.9412524104118347,0.9403039813041687
182,0.95,3.0,0.3544566035270691,0.871999979019165,0.9424026608467102,0.9427266716957092
183,0.95,4.0,0.40776342153549194,0.8579999804496765,0.9419395923614502,0.9402390122413635
184,0.95,5.0,0.3638313412666321,0.8759999871253967,0.9521912932395935,0.9500409364700317
185,0.95,6.0,0.4614747166633606,0.8532500267028809,0.9343173503875732,0.9319504499435425
186,0.95,7.0,0.4188287854194641,0.8582500219345093,0.9404087066650391,0.9388608336448669
187,0.95,8.0,0.32709574699401855,0.8849999904632568,0.9554221034049988,0.9551072120666504
188,0.95,9.0,0.341450035572052,0.8644999861717224,0.9447067379951477,0.9418894052505493
189,0.95,10.0,0.31234511733055115,0.8679999709129333,0.9406136274337769,0.9423814415931702
