,alpha,temperature,loss,ACC,AUPR,AUROC
0,0.05,1.0,0.4250468611717224,0.8445000052452087,0.9264132380485535,0.927706241607666
1,0.05,2.0,0.3585391044616699,0.8702499866485596,0.9459009766578674,0.9440912008285522
2,0.05,3.0,0.3581835627555847,0.8722500205039978,0.9460379481315613,0.9455349445343018
3,0.05,4.0,0.35933834314346313,0.8675000071525574,0.9476730823516846,0.9486827850341797
4,0.05,5.0,0.4281228184700012,0.8604999780654907,0.9376779794692993,0.9390574097633362
5,0.05,6.0,0.2942262291908264,0.8942499756813049,0.9636467695236206,0.9637727737426758
6,0.05,7.0,0.4205285608768463,0.8734999895095825,0.9461978077888489,0.9465396404266357
7,0.05,8.0,0.3414841294288635,0.871999979019165,0.9466704726219177,0.9468047022819519
8,0.05,9.0,0.45369648933410645,0.8547499775886536,0.9317946434020996,0.929289698600769
9,0.05,10.0,0.40867218375205994,0.8495000004768372,0.9336479306221008,0.9310559630393982
10,0.05,11.0,0.4196386933326721,0.8667500019073486,0.9465522170066833,0.944966197013855
11,0.05,12.0,0.2590285539627075,0.8772500157356262,0.9524983763694763,0.9526321887969971
12,0.05,13.0,0.4536418318748474,0.8299999833106995,0.9217299222946167,0.9224987626075745
13,0.05,14.0,0.39984193444252014,0.8487499952316284,0.9349741339683533,0.9326893091201782
14,0.05,15.0,0.37360680103302,0.8652499914169312,0.9412758350372314,0.9407729506492615
15,0.1,1.0,0.3850424885749817,0.8840000033378601,0.9581351280212402,0.9573526978492737
16,0.1,2.0,0.38962557911872864,0.875,0.944279134273529,0.9443452954292297
17,0.1,3.0,0.3917696177959442,0.8575000166893005,0.9379405975341797,0.9366613030433655
18,0.1,4.0,0.40980854630470276,0.8640000224113464,0.9389622211456299,0.9382902383804321
19,0.1,5.0,0.38814496994018555,0.871999979019165,0.9470828771591187,0.9462562203407288
20,0.1,6.0,0.43464282155036926,0.8355000019073486,0.9168195128440857,0.916132390499115
21,0.1,7.0,0.4838417172431946,0.8485000133514404,0.9275126457214355,0.928259015083313
22,0.1,8.0,0.3321627378463745,0.8565000295639038,0.9539840817451477,0.9542708992958069
23,0.1,9.0,0.39541345834732056,0.8712499737739563,0.9418450593948364,0.9406155347824097
24,0.1,10.0,0.32811158895492554,0.8567500114440918,0.9377055168151855,0.9361567497253418
25,0.1,11.0,0.3943844437599182,0.8644999861717224,0.9373422861099243,0.9366558194160461
26,0.1,12.0,0.352367103099823,0.890500009059906,0.9596742987632751,0.9592764973640442
27,0.1,13.0,0.3865838348865509,0.8774999976158142,0.9539439678192139,0.9529038071632385
28,0.1,14.0,0.3693070113658905,0.874750018119812,0.955958366394043,0.95564866065979
29,0.1,15.0,0.3087224066257477,0.8647500276565552,0.9424890279769897,0.9416103363037109
30,0.15,1.0,0.29731202125549316,0.8774999976158142,0.9525731205940247,0.9516249895095825
31,0.15,2.0,0.27352651953697205,0.8849999904632568,0.9561457633972168,0.9558511972427368
32,0.15,3.0,0.3534069061279297,0.8539999723434448,0.9325019717216492,0.9321971535682678
33,0.15,4.0,0.487549364566803,0.8669999837875366,0.9414586424827576,0.9405370354652405
34,0.15,5.0,0.36746805906295776,0.8702499866485596,0.9440123438835144,0.9443067908287048
35,0.15,6.0,0.402171790599823,0.8604999780654907,0.9358561038970947,0.9360783696174622
36,0.15,7.0,0.3097400665283203,0.8694999814033508,0.947839617729187,0.9468533396720886
37,0.15,8.0,0.3740926682949066,0.8740000128746033,0.9481824636459351,0.9474747180938721
38,0.15,9.0,0.43455517292022705,0.8519999980926514,0.9306610822677612,0.9293699264526367
39,0.15,10.0,0.3496975302696228,0.8734999895095825,0.9483237862586975,0.9467232823371887
40,0.15,11.0,0.45707058906555176,0.8707500100135803,0.9430235624313354,0.9428215622901917
41,0.15,12.0,0.38440385460853577,0.8547499775886536,0.9344933032989502,0.9343732595443726
42,0.15,13.0,0.3901250958442688,0.871749997138977,0.9453083276748657,0.9432739615440369
43,0.15,14.0,0.3694268465042114,0.8820000290870667,0.9521172642707825,0.9506133794784546
44,0.15,15.0,0.4352239668369293,0.8792499899864197,0.9536016583442688,0.9517481327056885
45,0.2,1.0,0.4348044991493225,0.8575000166893005,0.935648500919342,0.9349399209022522
46,0.2,2.0,0.3255954384803772,0.890500009059906,0.9566885232925415,0.9576498866081238
47,0.2,3.0,0.3561612367630005,0.8702499866485596,0.9465577602386475,0.9459743499755859
48,0.2,4.0,0.3768089711666107,0.8884999752044678,0.9586108922958374,0.9582499265670776
49,0.2,5.0,0.45797985792160034,0.8322499990463257,0.9179175496101379,0.9166525602340698
50,0.2,6.0,0.34324324131011963,0.8554999828338623,0.9327396154403687,0.9328888058662415
51,0.2,7.0,0.3276106119155884,0.8607500195503235,0.9419659972190857,0.9420185685157776
52,0.2,8.0,0.32813748717308044,0.8672500252723694,0.942082405090332,0.940916895866394
53,0.2,9.0,0.40671980381011963,0.8582500219345093,0.9340811371803284,0.9325806498527527
54,0.2,10.0,0.36097168922424316,0.8692499995231628,0.9579316973686218,0.9578379988670349
55,0.2,11.0,0.402831494808197,0.8755000233650208,0.9470934271812439,0.9478718042373657
56,0.2,12.0,0.4230358898639679,0.8445000052452087,0.9256671667098999,0.9235915541648865
57,0.2,13.0,0.2893429696559906,0.8705000281333923,0.9501212239265442,0.9504959583282471
58,0.2,14.0,0.3576284945011139,0.8700000047683716,0.9436391592025757,0.9432413578033447
59,0.2,15.0,0.4595932960510254,0.8807500004768372,0.9514095187187195,0.9507789015769958
60,0.25,1.0,0.3213399052619934,0.8519999980926514,0.9412410855293274,0.940034031867981
61,0.25,2.0,0.3384729325771332,0.8865000009536743,0.9555791020393372,0.9552206993103027
62,0.25,3.0,0.3879948854446411,0.8667500019073486,0.945399284362793,0.9429973363876343
63,0.25,4.0,0.33866894245147705,0.8797500133514404,0.9504534006118774,0.9502509236335754
64,0.25,5.0,0.36373192071914673,0.8654999732971191,0.9410549402236938,0.9405695199966431
65,0.25,6.0,0.38242143392562866,0.8617500066757202,0.9384985566139221,0.9372087717056274
66,0.25,7.0,0.32798048853874207,0.8857499957084656,0.9560868740081787,0.955759584903717
67,0.25,8.0,0.3886266052722931,0.840749979019165,0.9306267499923706,0.928633451461792
68,0.25,9.0,0.5067436099052429,0.8604999780654907,0.9409914612770081,0.940479576587677
69,0.25,10.0,0.35597190260887146,0.8690000176429749,0.9461498260498047,0.9451883435249329
70,0.25,11.0,0.4191442131996155,0.856249988079071,0.9340142607688904,0.9338148236274719
71,0.25,12.0,0.38284456729888916,0.8682500123977661,0.9443976283073425,0.9436110258102417
72,0.25,13.0,0.45431703329086304,0.8602499961853027,0.9329476952552795,0.9345637559890747
73,0.25,14.0,0.4096418023109436,0.8675000071525574,0.9424983263015747,0.9405215382575989
74,0.25,15.0,0.33886903524398804,0.8734999895095825,0.9456061124801636,0.9438242316246033
75,0.3,1.0,0.33849388360977173,0.862500011920929,0.9363435506820679,0.9361177086830139
76,0.3,2.0,0.42996224761009216,0.8209999799728394,0.9062111377716064,0.9093671441078186
77,0.3,3.0,0.3353600800037384,0.8715000152587891,0.9528910517692566,0.952089786529541
78,0.3,4.0,0.3634960949420929,0.8485000133514404,0.9291306138038635,0.9289171099662781
79,0.3,5.0,0.31588268280029297,0.8527500033378601,0.9422100186347961,0.9402807354927063
80,0.3,6.0,0.42851734161376953,0.8554999828338623,0.9339181184768677,0.932673990726471
81,0.3,7.0,0.39606618881225586,0.8842499852180481,0.9566437005996704,0.9577476978302002
82,0.3,8.0,0.380472332239151,0.8692499995231628,0.9463232755661011,0.9445778131484985
83,0.3,9.0,0.3084121346473694,0.8707500100135803,0.9436474442481995,0.9436394572257996
84,0.3,10.0,0.34189146757125854,0.8837500214576721,0.955318808555603,0.9553277492523193
85,0.3,11.0,0.27977949380874634,0.8980000019073486,0.9621940851211548,0.962346613407135
86,0.3,12.0,0.3759479820728302,0.875,0.9480288624763489,0.9446752667427063
87,0.3,13.0,0.4507385492324829,0.8410000205039978,0.9223824739456177,0.9223093390464783
88,0.3,14.0,0.3584645986557007,0.8727499842643738,0.9466961026191711,0.9456681609153748
89,0.3,15.0,0.3141746520996094,0.8805000185966492,0.9533997178077698,0.9533635377883911
90,0.35,1.0,0.35474225878715515,0.8772500157356262,0.9480119347572327,0.9483338594436646
91,0.35,2.0,0.40186116099357605,0.8930000066757202,0.9608200192451477,0.9605624079704285
92,0.35,3.0,0.26704466342926025,0.8762500286102295,0.9565001130104065,0.9552870988845825
93,0.35,4.0,0.4380190968513489,0.8525000214576721,0.9364665150642395,0.9339264631271362
94,0.35,5.0,0.4678349494934082,0.8634999990463257,0.9436254501342773,0.9422271251678467
95,0.35,6.0,0.3535827100276947,0.8774999976158142,0.9524611830711365,0.9530785083770752
96,0.35,7.0,0.36163321137428284,0.8744999766349792,0.9470289349555969,0.9482848644256592
97,0.35,8.0,0.3324783444404602,0.8772500157356262,0.9527482986450195,0.9515150785446167
98,0.35,9.0,0.4101312756538391,0.887499988079071,0.9543992877006531,0.9552331566810608
99,0.35,10.0,0.3107849955558777,0.874750018119812,0.9493647813796997,0.9510160684585571
100,0.35,11.0,0.4267197847366333,0.8420000076293945,0.930587649345398,0.9301798343658447
101,0.35,12.0,0.2801249623298645,0.8709999918937683,0.9454636573791504,0.9437549114227295
102,0.35,13.0,0.3574424684047699,0.8647500276565552,0.9498658180236816,0.9489516019821167
103,0.35,14.0,0.38794398307800293,0.8627499938011169,0.9413532018661499,0.9396539330482483
104,0.35,15.0,0.4046533405780792,0.8654999732971191,0.9396175146102905,0.9389533996582031
105,0.4,1.0,0.47141125798225403,0.8429999947547913,0.9203206300735474,0.9205791354179382
106,0.4,2.0,0.4753990173339844,0.8565000295639038,0.9284891486167908,0.9299365282058716
107,0.4,3.0,0.3426506221294403,0.8579999804496765,0.9385684728622437,0.9389196038246155
108,0.4,4.0,0.35096627473831177,0.8622499704360962,0.9425917863845825,0.9408455491065979
109,0.4,5.0,0.37998008728027344,0.8740000128746033,0.9454083442687988,0.9450556635856628
110,0.4,6.0,0.36926427483558655,0.8504999876022339,0.9384875893592834,0.9351951479911804
111,0.4,7.0,0.34406524896621704,0.8669999837875366,0.9533933401107788,0.9535069465637207
112,0.4,8.0,0.3422936201095581,0.8742499947547913,0.9464011788368225,0.9466656446456909
113,0.4,9.0,0.40418899059295654,0.8429999947547913,0.9264310598373413,0.9262463450431824
114,0.4,10.0,0.29339176416397095,0.8889999985694885,0.9556468725204468,0.9555020332336426
115,0.4,11.0,0.36734873056411743,0.8815000057220459,0.9510248899459839,0.9498441815376282
116,0.4,12.0,0.41403472423553467,0.8690000176429749,0.9418430924415588,0.9418805241584778
117,0.4,13.0,0.3175683617591858,0.8742499947547913,0.9533156752586365,0.9513564705848694
118,0.4,14.0,0.3130352199077606,0.8767499923706055,0.9491353034973145,0.9474890828132629
119,0.4,15.0,0.3850066065788269,0.859000027179718,0.9402187466621399,0.9397562146186829
120,0.45,1.0,0.3719960153102875,0.8640000224113464,0.9402231574058533,0.9395246505737305
121,0.45,2.0,0.34094852209091187,0.8840000033378601,0.9607105255126953,0.9599970579147339
122,0.45,3.0,0.3237634301185608,0.871749997138977,0.9464073777198792,0.9462531805038452
123,0.45,4.0,0.3575868010520935,0.874750018119812,0.9463487267494202,0.9460469484329224
124,0.45,5.0,0.3728027641773224,0.8662499785423279,0.943070113658905,0.9413321018218994
125,0.45,6.0,0.3737071752548218,0.8527500033378601,0.9325621724128723,0.9321717619895935
126,0.45,7.0,0.49822551012039185,0.8637499809265137,0.9439643621444702,0.9411795139312744
127,0.45,8.0,0.382574200630188,0.862500011920929,0.9499963521957397,0.9511027336120605
128,0.45,9.0,0.4802137315273285,0.8709999918937683,0.942966878414154,0.9428864121437073
129,0.45,10.0,0.33970439434051514,0.8722500205039978,0.9475138783454895,0.9471860527992249
130,0.45,11.0,0.33975890278816223,0.8452500104904175,0.9260120987892151,0.9250625371932983
131,0.45,12.0,0.3901505768299103,0.8627499938011169,0.9455196857452393,0.9430333971977234
132,0.45,13.0,0.375916987657547,0.875,0.9500388503074646,0.9488627314567566
133,0.45,14.0,0.4429325461387634,0.8622499704360962,0.9366117119789124,0.9365831017494202
134,0.45,15.0,0.42316144704818726,0.8744999766349792,0.9465638399124146,0.9457348585128784
135,0.5,1.0,0.379305362701416,0.878250002861023,0.9528716206550598,0.9518418908119202
136,0.5,2.0,0.34360313415527344,0.8687499761581421,0.9438453316688538,0.9438584446907043
137,0.5,3.0,0.4029349982738495,0.8709999918937683,0.9487167596817017,0.9472699761390686
138,0.5,4.0,0.4438801407814026,0.8637499809265137,0.9470822215080261,0.9473164677619934
139,0.5,5.0,0.3675248920917511,0.8722500205039978,0.9492509365081787,0.9475342035293579
140,0.5,6.0,0.3375316262245178,0.8634999990463257,0.938163161277771,0.9393346905708313
141,0.5,7.0,0.32259202003479004,0.8759999871253967,0.945537805557251,0.9450296759605408
142,0.5,8.0,0.37261563539505005,0.8744999766349792,0.9492794275283813,0.9481877088546753
143,0.5,9.0,0.41048625111579895,0.8742499947547913,0.9507008790969849,0.9484472870826721
144,0.5,10.0,0.38996076583862305,0.8792499899864197,0.954914927482605,0.9531843662261963
145,0.5,11.0,0.3376864790916443,0.8922500014305115,0.957095205783844,0.9576947689056396
146,0.5,12.0,0.37939852476119995,0.871999979019165,0.9465777277946472,0.9439821243286133
147,0.5,13.0,0.41955655813217163,0.8650000095367432,0.9363330006599426,0.9376236796379089
148,0.5,14.0,0.3600039482116699,0.8659999966621399,0.9455170631408691,0.9434683322906494
149,0.5,15.0,0.38273054361343384,0.8557500243186951,0.9320926666259766,0.9322459697723389
150,0.55,1.0,0.3607674837112427,0.8669999837875366,0.9440545439720154,0.9429236650466919
151,0.55,2.0,0.42732977867126465,0.8617500066757202,0.9359980225563049,0.9343064427375793
152,0.55,3.0,0.38028571009635925,0.8627499938011169,0.944035530090332,0.9428900480270386
153,0.55,4.0,0.3832224905490875,0.8577499985694885,0.9385638236999512,0.9403157234191895
154,0.55,5.0,0.359168142080307,0.8824999928474426,0.9532839059829712,0.9529597163200378
155,0.55,6.0,0.3526655435562134,0.8669999837875366,0.941088855266571,0.9408608675003052
156,0.55,7.0,0.34460383653640747,0.8867499828338623,0.9592194557189941,0.9589483141899109
157,0.55,8.0,0.3486538231372833,0.8665000200271606,0.9404777884483337,0.9394118189811707
158,0.55,9.0,0.3661413788795471,0.8815000057220459,0.9545888304710388,0.9532334804534912
159,0.55,10.0,0.4057062864303589,0.8510000109672546,0.9352292418479919,0.9334624409675598
160,0.55,11.0,0.413106769323349,0.8727499842643738,0.9456402063369751,0.9458653926849365
161,0.55,12.0,0.34806057810783386,0.8640000224113464,0.9421098828315735,0.9406933784484863
162,0.55,13.0,0.45109617710113525,0.8709999918937683,0.9452904462814331,0.9448213577270508
163,0.55,14.0,0.4017656147480011,0.8765000104904175,0.949151873588562,0.9477472305297852
164,0.55,15.0,0.45483219623565674,0.8485000133514404,0.9293755888938904,0.9288721084594727
165,0.6,1.0,0.3600642681121826,0.8607500195503235,0.9379318952560425,0.9379562139511108
166,0.6,2.0,0.4120725989341736,0.8397499918937683,0.9193817973136902,0.9219592213630676
167,0.6,3.0,0.30630993843078613,0.8734999895095825,0.9587500095367432,0.9581066370010376
168,0.6,4.0,0.36867785453796387,0.878250002861023,0.9564791917800903,0.9547862410545349
169,0.6,5.0,0.35347914695739746,0.8679999709129333,0.9424474835395813,0.9412195682525635
170,0.6,6.0,0.36584270000457764,0.8442500233650208,0.925272524356842,0.9248312711715698
171,0.6,7.0,0.358817458152771,0.8690000176429749,0.9457130432128906,0.9436590075492859
172,0.6,8.0,0.378157377243042,0.8702499866485596,0.9506624937057495,0.9502208828926086
173,0.6,9.0,0.3745466470718384,0.8552500009536743,0.943620502948761,0.944229006767273
174,0.6,10.0,0.3796800971031189,0.8644999861717224,0.9435144066810608,0.9422133564949036
175,0.6,11.0,0.37235212326049805,0.8582500219345093,0.9357198476791382,0.9360274076461792
176,0.6,12.0,0.373900830745697,0.8560000061988831,0.9351208209991455,0.9345482587814331
177,0.6,13.0,0.39259475469589233,0.8647500276565552,0.9453495144844055,0.9456651210784912
178,0.6,14.0,0.30120426416397095,0.8642500042915344,0.9401857852935791,0.9390745162963867
179,0.6,15.0,0.33603769540786743,0.8730000257492065,0.9468178153038025,0.9451912641525269
180,0.65,1.0,0.4229446053504944,0.8617500066757202,0.9359981417655945,0.936261773109436
181,0.65,2.0,0.39364802837371826,0.8497499823570251,0.9344837665557861,0.932237446308136
182,0.65,3.0,0.44554123282432556,0.8577499985694885,0.9383602738380432,0.9384056925773621
183,0.65,4.0,0.38001227378845215,0.8737499713897705,0.9462723731994629,0.9457069635391235
184,0.65,5.0,0.3767039179801941,0.8464999794960022,0.9272225499153137,0.9282369613647461
185,0.65,6.0,0.3412611484527588,0.8672500252723694,0.9486589431762695,0.948644757270813
186,0.65,7.0,0.3750253915786743,0.8352500200271606,0.9416272044181824,0.9413819909095764
187,0.65,8.0,0.4003150463104248,0.8709999918937683,0.9454519748687744,0.9448732733726501
188,0.65,9.0,0.317038357257843,0.8600000143051147,0.9340002536773682,0.9371870160102844
189,0.65,10.0,0.3971325159072876,0.8615000247955322,0.9454869627952576,0.9427914619445801
190,0.65,11.0,0.3821284770965576,0.8604999780654907,0.9357480406761169,0.9351175427436829
191,0.65,12.0,0.3619288206100464,0.8769999742507935,0.9518527388572693,0.9502071142196655
192,0.65,13.0,0.42353367805480957,0.843999981880188,0.9270228147506714,0.9261760115623474
193,0.65,14.0,0.35137736797332764,0.8744999766349792,0.9519226551055908,0.9514234662055969
194,0.65,15.0,0.4327051341533661,0.8587499856948853,0.9406443238258362,0.9385512471199036
195,0.7,1.0,0.41144078969955444,0.8727499842643738,0.9466032981872559,0.9457733631134033
196,0.7,2.0,0.3944113850593567,0.8629999756813049,0.9382002353668213,0.936495304107666
197,0.7,3.0,0.3222457766532898,0.8650000095367432,0.9392911791801453,0.9391266107559204
198,0.7,4.0,0.3310176134109497,0.8650000095367432,0.9442722797393799,0.9424591660499573
199,0.7,5.0,0.36682718992233276,0.8567500114440918,0.9380811452865601,0.9357814192771912
200,0.7,6.0,0.259920209646225,0.8880000114440918,0.9549820423126221,0.9553900361061096
201,0.7,7.0,0.395111620426178,0.8517500162124634,0.9366630911827087,0.9344959855079651
202,0.7,8.0,0.40419408679008484,0.859749972820282,0.9390183687210083,0.9381473064422607
203,0.7,9.0,0.4067801237106323,0.8817499876022339,0.952573299407959,0.9512354731559753
204,0.7,10.0,0.35702061653137207,0.8822500109672546,0.9562472701072693,0.9567969441413879
205,0.7,11.0,0.3924478590488434,0.8657500147819519,0.9441643953323364,0.942395806312561
206,0.7,12.0,0.32282477617263794,0.8802499771118164,0.9562551975250244,0.9555532336235046
207,0.7,13.0,0.36974629759788513,0.8870000243186951,0.9566300511360168,0.9556872844696045
208,0.7,14.0,0.3314233422279358,0.8734999895095825,0.9463859796524048,0.9465621709823608
209,0.7,15.0,0.3449552059173584,0.8830000162124634,0.9542314410209656,0.9524804949760437
210,0.75,1.0,0.29635894298553467,0.8542500138282776,0.9393172264099121,0.9386765360832214
211,0.75,2.0,0.3339381515979767,0.8852499723434448,0.9569973945617676,0.9562215209007263
212,0.75,3.0,0.33054330945014954,0.8817499876022339,0.9543509483337402,0.9533557891845703
213,0.75,4.0,0.35799044370651245,0.8897500038146973,0.9602201581001282,0.9595326781272888
214,0.75,5.0,0.3935861587524414,0.8604999780654907,0.9368636608123779,0.936139702796936
215,0.75,6.0,0.31271621584892273,0.8857499957084656,0.9554648995399475,0.9567456245422363
216,0.75,7.0,0.3735046088695526,0.862500011920929,0.9380714297294617,0.9362322688102722
217,0.75,8.0,0.40146496891975403,0.8539999723434448,0.9365758299827576,0.934899628162384
218,0.75,9.0,0.3576151728630066,0.8730000257492065,0.9486551284790039,0.9473915100097656
219,0.75,10.0,0.4225809872150421,0.8460000157356262,0.9288282990455627,0.9279528260231018
220,0.75,11.0,0.3435261845588684,0.8857499957084656,0.9600870013237,0.9600123167037964
221,0.75,12.0,0.42948439717292786,0.8790000081062317,0.9508112072944641,0.9501895308494568
222,0.75,13.0,0.3751184940338135,0.8725000023841858,0.9489890933036804,0.9486584663391113
223,0.75,14.0,0.3087232708930969,0.8887500166893005,0.9575887322425842,0.9590591192245483
224,0.75,15.0,0.31501275300979614,0.8582500219345093,0.9406231045722961,0.939714789390564
225,0.8,1.0,0.367953896522522,0.8547499775886536,0.9406805038452148,0.9397292137145996
226,0.8,2.0,0.3421249985694885,0.8675000071525574,0.945868730545044,0.9448914527893066
227,0.8,3.0,0.3623420000076294,0.8757500052452087,0.9492301940917969,0.9473755359649658
228,0.8,4.0,0.4378145933151245,0.8525000214576721,0.9324914216995239,0.9326242804527283
229,0.8,5.0,0.3842460513114929,0.8607500195503235,0.9400374293327332,0.9384772777557373
230,0.8,6.0,0.3574564456939697,0.8652499914169312,0.9431100487709045,0.940589189529419
231,0.8,7.0,0.4336526393890381,0.8709999918937683,0.9438539743423462,0.9433066844940186
232,0.8,8.0,0.3463214039802551,0.8675000071525574,0.9481875896453857,0.9493325352668762
233,0.8,9.0,0.4690999984741211,0.8712499737739563,0.9467243552207947,0.9457834362983704
234,0.8,10.0,0.4668383002281189,0.8339999914169312,0.9189045429229736,0.9183664917945862
235,0.8,11.0,0.33664393424987793,0.8842499852180481,0.9585424661636353,0.9578723311424255
236,0.8,12.0,0.3357091546058655,0.8647500276565552,0.9476779699325562,0.946928858757019
237,0.8,13.0,0.33197325468063354,0.8640000224113464,0.9410784840583801,0.9420197606086731
238,0.8,14.0,0.30977678298950195,0.887499988079071,0.9594514966011047,0.9607579708099365
239,0.8,15.0,0.3566409647464752,0.8705000281333923,0.9547742009162903,0.9539160132408142
240,0.85,1.0,0.3370286524295807,0.871999979019165,0.9493787288665771,0.9485477805137634
241,0.85,2.0,0.3804798722267151,0.8792499899864197,0.9508013725280762,0.9509261846542358
242,0.85,3.0,0.38110455870628357,0.8730000257492065,0.9453044533729553,0.9445396065711975
243,0.85,4.0,0.40690717101097107,0.878250002861023,0.9523516893386841,0.9515501260757446
244,0.85,5.0,0.4878987669944763,0.8532500267028809,0.9511879682540894,0.9505995512008667
245,0.85,6.0,0.3223278820514679,0.8812500238418579,0.955443799495697,0.953819990158081
246,0.85,7.0,0.38161492347717285,0.8809999823570251,0.9527442455291748,0.9537160396575928
247,0.85,8.0,0.3524382710456848,0.8870000243186951,0.9554664492607117,0.9551935195922852
248,0.85,9.0,0.3340444564819336,0.8772500157356262,0.9541359543800354,0.9546077251434326
249,0.85,10.0,0.30441462993621826,0.8840000033378601,0.9584299325942993,0.9586322903633118
250,0.85,11.0,0.264610230922699,0.8882499933242798,0.954105794429779,0.9541823863983154
251,0.85,12.0,0.4116147756576538,0.8460000157356262,0.9347000122070312,0.9325512647628784
252,0.85,13.0,0.37139856815338135,0.8585000038146973,0.9295454621315002,0.931410551071167
253,0.85,14.0,0.5047286748886108,0.8372499942779541,0.918353796005249,0.919048547744751
254,0.85,15.0,0.3464181423187256,0.8700000047683716,0.9467541575431824,0.9454494714736938
255,0.9,1.0,0.4104948937892914,0.8535000085830688,0.9291588068008423,0.9277039766311646
256,0.9,2.0,0.37608474493026733,0.8694999814033508,0.946516215801239,0.9460209608078003
257,0.9,3.0,0.36889350414276123,0.8697500228881836,0.9470012187957764,0.9462465643882751
258,0.9,4.0,0.35685646533966064,0.875249981880188,0.9483556747436523,0.9474233984947205
259,0.9,5.0,0.37791907787323,0.8722500205039978,0.9428983330726624,0.9434010982513428
260,0.9,6.0,0.35201823711395264,0.8734999895095825,0.9485803842544556,0.94693922996521
261,0.9,7.0,0.361525297164917,0.8822500109672546,0.9556639194488525,0.953646719455719
262,0.9,8.0,0.30666017532348633,0.8837500214576721,0.9543939828872681,0.9547370672225952
263,0.9,9.0,0.3834134340286255,0.8662499785423279,0.9403765201568604,0.9411236643791199
264,0.9,10.0,0.32048216462135315,0.8740000128746033,0.9519379138946533,0.950360894203186
265,0.9,11.0,0.3284186124801636,0.8547499775886536,0.935354471206665,0.9335174560546875
266,0.9,12.0,0.3952348530292511,0.8684999942779541,0.9416705965995789,0.9411369562149048
267,0.9,13.0,0.3361036479473114,0.8565000295639038,0.9348095655441284,0.9353102445602417
268,0.9,14.0,0.3757728040218353,0.8755000233650208,0.948255181312561,0.9495065212249756
269,0.9,15.0,0.36800140142440796,0.8744999766349792,0.948826253414154,0.9478675723075867
270,0.95,1.0,0.43918997049331665,0.8460000157356262,0.9300544857978821,0.9275415539741516
271,0.95,2.0,0.37169039249420166,0.8702499866485596,0.9418134093284607,0.940560519695282
272,0.95,3.0,0.36732757091522217,0.878250002861023,0.9532268047332764,0.9524609446525574
273,0.95,4.0,0.4007885754108429,0.8607500195503235,0.9360761642456055,0.9362022876739502
274,0.95,5.0,0.4089609682559967,0.8535000085830688,0.9354175329208374,0.9328470826148987
275,0.95,6.0,0.3264656662940979,0.8725000023841858,0.9465321898460388,0.9459246397018433
276,0.95,7.0,0.3789135813713074,0.8700000047683716,0.9483585953712463,0.946134626865387
277,0.95,8.0,0.3940832018852234,0.8502500057220459,0.9312652945518494,0.9287722706794739
278,0.95,9.0,0.3061032295227051,0.8517500162124634,0.9393284916877747,0.9396157264709473
279,0.95,10.0,0.36585330963134766,0.8669999837875366,0.9447111487388611,0.9447528123855591
280,0.95,11.0,0.31680119037628174,0.8762500286102295,0.9495701193809509,0.9491817951202393
281,0.95,12.0,0.33523401618003845,0.8652499914169312,0.947329580783844,0.9465129375457764
282,0.95,13.0,0.37982961535453796,0.8627499938011169,0.9404299855232239,0.9392318725585938
283,0.95,14.0,0.3361574411392212,0.8650000095367432,0.9462954998016357,0.9449778199195862
284,0.95,15.0,0.3701084554195404,0.8855000138282776,0.9547243118286133,0.9551428556442261
