,alpha,temperature,loss,ACC,AUPR,AUROC
0,0.1,1.0,0.3930981457233429,0.8669999837875366,0.939217209815979,0.9399070739746094
1,0.1,2.0,0.3563894033432007,0.8707500100135803,0.9475342035293579,0.9470725655555725
2,0.1,3.0,0.45517683029174805,0.8805000185966492,0.9486202001571655,0.9490780830383301
3,0.1,4.0,0.38491562008857727,0.8535000085830688,0.9471470713615417,0.9477449059486389
4,0.1,5.0,0.4273862838745117,0.8462499976158142,0.9227609634399414,0.9243535399436951
5,0.2,1.0,0.3520324230194092,0.8637499809265137,0.9373828172683716,0.9375185966491699
6,0.2,2.0,0.38059860467910767,0.8659999966621399,0.937558650970459,0.9370823502540588
7,0.2,3.0,0.3212175667285919,0.8759999871253967,0.9470623135566711,0.946462094783783
8,0.2,4.0,0.3564651608467102,0.8617500066757202,0.9410812854766846,0.9397067427635193
9,0.2,5.0,0.3448566198348999,0.8627499938011169,0.936703622341156,0.9370567202568054
10,0.3,1.0,0.3914824426174164,0.8769999742507935,0.9520484805107117,0.9525542259216309
11,0.3,2.0,0.3656666576862335,0.8684999942779541,0.941730797290802,0.9416355490684509
12,0.3,3.0,0.38798508048057556,0.8797500133514404,0.9505056738853455,0.9506943821907043
13,0.3,4.0,0.3781283497810364,0.8672500252723694,0.9450789093971252,0.9427547454833984
14,0.3,5.0,0.35399025678634644,0.890999972820282,0.9614598751068115,0.9602138996124268
15,0.4,1.0,0.3783281445503235,0.8709999918937683,0.9470945596694946,0.948095977306366
16,0.4,2.0,0.3614688813686371,0.8495000004768372,0.9325066804885864,0.9297564029693604
17,0.4,3.0,0.3977004885673523,0.8694999814033508,0.9444043636322021,0.9414526224136353
18,0.4,4.0,0.4067022204399109,0.847000002861023,0.9287747740745544,0.9290707111358643
19,0.4,5.0,0.2987777590751648,0.8712499737739563,0.9423696398735046,0.9435532093048096
20,0.5,1.0,0.39675912261009216,0.8802499771118164,0.9524869918823242,0.9530847668647766
21,0.5,2.0,0.3079039454460144,0.8792499899864197,0.949138879776001,0.9480522274971008
22,0.5,3.0,0.3579280972480774,0.8642500042915344,0.9398150444030762,0.9385953545570374
23,0.5,4.0,0.3173983693122864,0.8744999766349792,0.9472435712814331,0.9479861259460449
24,0.5,5.0,0.37256529927253723,0.8734999895095825,0.9465792179107666,0.9453686475753784
25,0.6,1.0,0.34047919511795044,0.8802499771118164,0.9501586556434631,0.949567437171936
26,0.6,2.0,0.32038670778274536,0.8772500157356262,0.951287031173706,0.9509749412536621
27,0.6,3.0,0.3643037974834442,0.8882499933242798,0.9572749137878418,0.9575079679489136
28,0.6,4.0,0.33027711510658264,0.8610000014305115,0.9480624794960022,0.9464361071586609
29,0.6,5.0,0.2922615110874176,0.8912500143051147,0.9570448994636536,0.9573308825492859
30,0.7,1.0,0.3600407838821411,0.8697500228881836,0.9463332295417786,0.9443278312683105
31,0.7,2.0,0.32975319027900696,0.8460000157356262,0.9305296540260315,0.9314060211181641
32,0.7,3.0,0.2713437080383301,0.8682500123977661,0.9542374610900879,0.954321563243866
33,0.7,4.0,0.3641805946826935,0.8582500219345093,0.9394022226333618,0.9365990161895752
34,0.7,5.0,0.2739321291446686,0.8899999856948853,0.9599971771240234,0.9597901105880737
35,0.8,1.0,0.37266844511032104,0.8762500286102295,0.9512178897857666,0.9521387815475464
36,0.8,2.0,0.365933358669281,0.8930000066757202,0.9600831270217896,0.9612042307853699
37,0.8,3.0,0.37999600172042847,0.8547499775886536,0.9307224154472351,0.9332273006439209
38,0.8,4.0,0.3465409278869629,0.8837500214576721,0.9512360095977783,0.9504958391189575
39,0.8,5.0,0.38182544708251953,0.8527500033378601,0.9448363780975342,0.9427112936973572
40,0.9,1.0,0.37639760971069336,0.8582500219345093,0.9357015490531921,0.933464527130127
41,0.9,2.0,0.41251102089881897,0.8642500042915344,0.9402490258216858,0.9420748949050903
42,0.9,3.0,0.3483729362487793,0.8815000057220459,0.9540350437164307,0.9532412886619568
43,0.9,4.0,0.42567968368530273,0.8579999804496765,0.936140239238739,0.9336658716201782
44,0.9,5.0,0.34901946783065796,0.8602499961853027,0.9358983039855957,0.935224175453186
