,alpha,temperature,loss,ACC,AUPR,AUROC
0,0.1,6.0,0.3079764246940613,0.8612499833106995,0.9441440105438232,0.943690836429596
1,0.1,7.0,0.35461679100990295,0.8647500276565552,0.9405645728111267,0.9402428269386292
2,0.1,8.0,0.3071048855781555,0.862500011920929,0.9410807490348816,0.9396460652351379
3,0.1,9.0,0.3634392023086548,0.8612499833106995,0.93595951795578,0.9351800084114075
4,0.1,10.0,0.2806893587112427,0.8762500286102295,0.9538455009460449,0.954257071018219
5,0.1,11.0,0.41332849860191345,0.8575000166893005,0.9340993165969849,0.9338247776031494
6,0.1,12.0,0.4230044484138489,0.871749997138977,0.9372397065162659,0.9394425749778748
7,0.1,13.0,0.37313416600227356,0.8307499885559082,0.947567880153656,0.9480279088020325
8,0.1,14.0,0.34763750433921814,0.8622499704360962,0.9497390985488892,0.9490928649902344
9,0.1,15.0,0.29091107845306396,0.8777499794960022,0.9517253637313843,0.9514267444610596
10,0.1,16.0,0.3586215376853943,0.8557500243186951,0.9302929043769836,0.929510235786438
11,0.1,17.0,0.31676965951919556,0.8450000286102295,0.9390535354614258,0.9395166039466858
12,0.1,18.0,0.36362266540527344,0.8725000023841858,0.9446456432342529,0.945595383644104
13,0.1,19.0,0.36946213245391846,0.890500009059906,0.9579548835754395,0.9582793712615967
14,0.1,20.0,0.40487930178642273,0.8679999709129333,0.9423971176147461,0.9419955611228943
15,0.15,6.0,0.3309934735298157,0.8497499823570251,0.9284809231758118,0.9277604818344116
16,0.15,7.0,0.42666617035865784,0.8805000185966492,0.9488608837127686,0.9496435523033142
17,0.15,8.0,0.4014244079589844,0.8817499876022339,0.9538715481758118,0.9548063278198242
18,0.15,9.0,0.37862783670425415,0.859000027179718,0.9442249536514282,0.9435683488845825
19,0.15,10.0,0.45216530561447144,0.8602499961853027,0.9347963333129883,0.935649037361145
20,0.15,11.0,0.32973340153694153,0.8687499761581421,0.9451814889907837,0.9447779059410095
21,0.15,12.0,0.36555084586143494,0.8600000143051147,0.9363628625869751,0.9349877238273621
22,0.15,13.0,0.4377264380455017,0.8690000176429749,0.9429196119308472,0.9415978789329529
23,0.15,14.0,0.3917878270149231,0.8679999709129333,0.9467687606811523,0.9451977014541626
24,0.15,15.0,0.32878369092941284,0.8777499794960022,0.9529943466186523,0.952255368232727
25,0.15,16.0,0.3468509912490845,0.8834999799728394,0.9536650776863098,0.9540134072303772
26,0.15,17.0,0.3935626447200775,0.8732500076293945,0.9487233757972717,0.9479144811630249
27,0.15,18.0,0.30284708738327026,0.8817499876022339,0.9560223817825317,0.9545442461967468
28,0.15,19.0,0.35224074125289917,0.8654999732971191,0.9398843050003052,0.9389649033546448
29,0.15,20.0,0.38280484080314636,0.8432499766349792,0.9250684976577759,0.9227582216262817
30,0.2,6.0,0.3783208727836609,0.8709999918937683,0.9452999830245972,0.9458279609680176
31,0.2,7.0,0.4532681703567505,0.8497499823570251,0.9308918118476868,0.9306843280792236
32,0.2,8.0,0.474410742521286,0.8272500038146973,0.9128891825675964,0.9112277626991272
33,0.2,9.0,0.3478626310825348,0.8457499742507935,0.9280046224594116,0.9286187291145325
34,0.2,10.0,0.33511143922805786,0.8650000095367432,0.9403029084205627,0.9381272792816162
35,0.2,11.0,0.5017939805984497,0.8199999928474426,0.911052942276001,0.910411536693573
36,0.2,12.0,0.4122347831726074,0.8730000257492065,0.9503213763237,0.94994056224823
37,0.2,13.0,0.3096523880958557,0.8727499842643738,0.9443790912628174,0.9428229928016663
38,0.2,14.0,0.41856110095977783,0.8845000267028809,0.9541952610015869,0.9546104073524475
39,0.2,15.0,0.5482974052429199,0.8307499885559082,0.9125863313674927,0.9119181036949158
40,0.2,16.0,0.3711223304271698,0.8827499747276306,0.955062747001648,0.9547987580299377
41,0.2,17.0,0.3513001799583435,0.8604999780654907,0.9349995255470276,0.9353548288345337
42,0.2,18.0,0.3682265877723694,0.8697500228881836,0.953318178653717,0.952771782875061
43,0.2,19.0,0.3039082884788513,0.871999979019165,0.953254222869873,0.9526572823524475
44,0.2,20.0,0.37867453694343567,0.8684999942779541,0.9450457692146301,0.9444194436073303
45,0.25,6.0,0.3931226134300232,0.862500011920929,0.9409063458442688,0.9387340545654297
46,0.25,7.0,0.345947265625,0.8855000138282776,0.9553861618041992,0.9553263783454895
47,0.25,8.0,0.3703351318836212,0.8552500009536743,0.9378702640533447,0.9375976920127869
48,0.25,9.0,0.39180171489715576,0.8652499914169312,0.943324625492096,0.9428452849388123
49,0.25,10.0,0.41031691431999207,0.8865000009536743,0.9551829099655151,0.9546677470207214
50,0.25,11.0,0.3686237931251526,0.8372499942779541,0.9204092621803284,0.9188684225082397
51,0.25,12.0,0.40454089641571045,0.8552500009536743,0.9358123540878296,0.9357184171676636
52,0.25,13.0,0.38368329405784607,0.859499990940094,0.9413117170333862,0.9408985376358032
53,0.25,14.0,0.3895384669303894,0.8722500205039978,0.9447295665740967,0.9459707736968994
54,0.25,15.0,0.4285832345485687,0.8550000190734863,0.9354711174964905,0.9344012141227722
55,0.25,16.0,0.39619579911231995,0.8502500057220459,0.9339611530303955,0.9340874552726746
56,0.25,17.0,0.5028719902038574,0.8445000052452087,0.9177408814430237,0.9175494313240051
57,0.25,18.0,0.4131179451942444,0.8692499995231628,0.9463212490081787,0.947059690952301
58,0.25,19.0,0.34668371081352234,0.8834999799728394,0.9552252888679504,0.9554061889648438
59,0.25,20.0,0.36529234051704407,0.8734999895095825,0.9437897801399231,0.9440047144889832
60,0.3,6.0,0.3776523470878601,0.8622499704360962,0.9434584379196167,0.9422868490219116
61,0.3,7.0,0.2911951541900635,0.8742499947547913,0.9622321128845215,0.9620962738990784
62,0.3,8.0,0.35357236862182617,0.847000002861023,0.9321035146713257,0.931437611579895
63,0.3,9.0,0.38566380739212036,0.878000020980835,0.95343017578125,0.9522483944892883
64,0.3,10.0,0.3143067955970764,0.8687499761581421,0.9478869438171387,0.9484851956367493
65,0.3,11.0,0.4217453896999359,0.8482499718666077,0.9228478074073792,0.9230403900146484
66,0.3,12.0,0.4282833933830261,0.8690000176429749,0.9465757608413696,0.9452483654022217
67,0.3,13.0,0.39122632145881653,0.8634999990463257,0.9382953643798828,0.9389141798019409
68,0.3,14.0,0.5730643272399902,0.8462499976158142,0.928880512714386,0.9260115027427673
69,0.3,15.0,0.4209924340248108,0.8542500138282776,0.9369308352470398,0.9376190900802612
70,0.3,16.0,0.364824503660202,0.859000027179718,0.9370043277740479,0.9353201985359192
71,0.3,17.0,0.35996562242507935,0.8845000267028809,0.9550297260284424,0.955919623374939
72,0.3,18.0,0.3437294661998749,0.8697500228881836,0.9452213644981384,0.9461067318916321
73,0.3,19.0,0.35440969467163086,0.862500011920929,0.9386352300643921,0.9373563528060913
74,0.3,20.0,0.3029080927371979,0.890999972820282,0.9601242542266846,0.9606263041496277
75,0.35,6.0,0.36223292350769043,0.8360000252723694,0.9220053553581238,0.9208927154541016
76,0.35,7.0,0.439901739358902,0.8544999957084656,0.9349424839019775,0.9329533576965332
77,0.35,8.0,0.3826847970485687,0.8542500138282776,0.9274070262908936,0.929386556148529
78,0.35,9.0,0.3597710132598877,0.8692499995231628,0.945854127407074,0.9446349740028381
79,0.35,10.0,0.3907020688056946,0.8767499923706055,0.9414997100830078,0.9435453414916992
80,0.35,11.0,0.31729674339294434,0.8654999732971191,0.9515951871871948,0.9532874822616577
81,0.35,12.0,0.3380618989467621,0.8732500076293945,0.954180896282196,0.9556797742843628
82,0.35,13.0,0.36957284808158875,0.8610000014305115,0.9382140636444092,0.9403143525123596
83,0.35,14.0,0.38786038756370544,0.859499990940094,0.9357805252075195,0.9354462027549744
84,0.35,15.0,0.3748902380466461,0.8565000295639038,0.9363888502120972,0.934779703617096
85,0.35,16.0,0.4344320297241211,0.859000027179718,0.9374494552612305,0.9369115829467773
86,0.35,17.0,0.44390931725502014,0.8619999885559082,0.9375865459442139,0.936841607093811
87,0.35,18.0,0.41603416204452515,0.8504999876022339,0.930099368095398,0.9289630651473999
88,0.35,19.0,0.3117533028125763,0.8675000071525574,0.9419458508491516,0.9405036568641663
89,0.35,20.0,0.4315662384033203,0.8355000019073486,0.9174019694328308,0.917676568031311
90,0.4,6.0,0.36438560485839844,0.8622499704360962,0.9367290139198303,0.9352830648422241
91,0.4,7.0,0.36522176861763,0.8732500076293945,0.9455167055130005,0.9446613788604736
92,0.4,8.0,0.30413132905960083,0.8572499752044678,0.936083972454071,0.9369587898254395
93,0.4,9.0,0.353109747171402,0.8479999899864197,0.9250269532203674,0.9250516891479492
94,0.4,10.0,0.3537243604660034,0.8472499847412109,0.9294905066490173,0.9276449084281921
95,0.4,11.0,0.354470819234848,0.8759999871253967,0.9506617188453674,0.9500271677970886
96,0.4,12.0,0.3594070076942444,0.8772500157356262,0.9488586187362671,0.9475740790367126
97,0.4,13.0,0.39752036333084106,0.8744999766349792,0.9503548741340637,0.9495933055877686
98,0.4,14.0,0.3465803861618042,0.8777499794960022,0.948265790939331,0.9476510286331177
99,0.4,15.0,0.3334563970565796,0.8880000114440918,0.9586637020111084,0.9578920602798462
100,0.4,16.0,0.39458948373794556,0.8539999723434448,0.9338691234588623,0.9320394992828369
101,0.4,17.0,0.3565071225166321,0.8784999847412109,0.9514545798301697,0.9512755870819092
102,0.4,18.0,0.34101083874702454,0.8744999766349792,0.9486328363418579,0.9486156702041626
103,0.4,19.0,0.3848865032196045,0.8650000095367432,0.9411071538925171,0.9397536516189575
104,0.4,20.0,0.3189038932323456,0.8807500004768372,0.9543784856796265,0.953648567199707
105,0.45,6.0,0.32527488470077515,0.8634999990463257,0.9476962685585022,0.9462358355522156
106,0.45,7.0,0.4442567229270935,0.8692499995231628,0.9462270140647888,0.9447506666183472
107,0.45,8.0,0.3911929726600647,0.8632500171661377,0.9409908056259155,0.9415438175201416
108,0.45,9.0,0.4034290909767151,0.8692499995231628,0.943465530872345,0.9457273483276367
109,0.45,10.0,0.36442819237709045,0.8690000176429749,0.9418426752090454,0.9422589540481567
110,0.45,11.0,0.41879355907440186,0.8700000047683716,0.9456120133399963,0.9457700848579407
111,0.45,12.0,0.38304176926612854,0.871999979019165,0.9491097927093506,0.9481170773506165
112,0.45,13.0,0.2473497986793518,0.8777499794960022,0.9518010020256042,0.9516071677207947
113,0.45,14.0,0.31374967098236084,0.8722500205039978,0.943619430065155,0.9435175061225891
114,0.45,15.0,0.34127742052078247,0.8632500171661377,0.9371420741081238,0.9377057552337646
115,0.45,16.0,0.4231050908565521,0.8532500267028809,0.9350826144218445,0.9329738616943359
116,0.45,17.0,0.41810452938079834,0.8622499704360962,0.941752016544342,0.9385203123092651
117,0.45,18.0,0.4696236848831177,0.8619999885559082,0.9375627040863037,0.9370229840278625
118,0.45,19.0,0.3679564595222473,0.8582500219345093,0.9360700249671936,0.9329338669776917
119,0.45,20.0,0.36418935656547546,0.8687499761581421,0.9483715295791626,0.946830153465271
120,0.5,6.0,0.41242074966430664,0.8557500243186951,0.9358996152877808,0.9362670183181763
121,0.5,7.0,0.415922075510025,0.8705000281333923,0.9461530447006226,0.9452645778656006
122,0.5,8.0,0.43417251110076904,0.8560000061988831,0.9337034225463867,0.9317197203636169
123,0.5,9.0,0.3235239088535309,0.8567500114440918,0.9390720725059509,0.9379206895828247
124,0.5,10.0,0.32506734132766724,0.8342499732971191,0.9478475451469421,0.9486194849014282
125,0.5,11.0,0.3764457702636719,0.8694999814033508,0.9509953856468201,0.9481370449066162
126,0.5,12.0,0.3014684021472931,0.8654999732971191,0.9537246227264404,0.9539382457733154
127,0.5,13.0,0.47222334146499634,0.8387500047683716,0.9199570417404175,0.9208374619483948
128,0.5,14.0,0.33896368741989136,0.8855000138282776,0.956843376159668,0.955219030380249
129,0.5,15.0,0.34887629747390747,0.8627499938011169,0.9364393949508667,0.9376692175865173
130,0.5,16.0,0.37999337911605835,0.8855000138282776,0.9560754299163818,0.9557663202285767
131,0.5,17.0,0.400815486907959,0.8787500262260437,0.9493265151977539,0.9470017552375793
132,0.5,18.0,0.39857548475265503,0.8617500066757202,0.9421449899673462,0.9405094981193542
133,0.5,19.0,0.3306072950363159,0.8650000095367432,0.9394909143447876,0.9391595125198364
134,0.5,20.0,0.3336585760116577,0.8500000238418579,0.9397377371788025,0.9381507635116577
135,0.55,6.0,0.3929658532142639,0.8744999766349792,0.9497398138046265,0.9484910368919373
136,0.55,7.0,0.4189184010028839,0.8617500066757202,0.9370686411857605,0.9347496628761292
137,0.55,8.0,0.38404038548469543,0.8622499704360962,0.9418129920959473,0.9416767954826355
138,0.55,9.0,0.3865233361721039,0.8700000047683716,0.9423174262046814,0.9401652216911316
139,0.55,10.0,0.35200464725494385,0.8512499928474426,0.9286887645721436,0.9268090128898621
140,0.55,11.0,0.32564693689346313,0.8587499856948853,0.936784029006958,0.9367563128471375
141,0.55,12.0,0.3639678359031677,0.8812500238418579,0.9511852860450745,0.9491024017333984
142,0.55,13.0,0.3637051284313202,0.8532500267028809,0.9319986701011658,0.9308542013168335
143,0.55,14.0,0.3599202036857605,0.8554999828338623,0.9383271932601929,0.9358254075050354
144,0.55,15.0,0.3120535910129547,0.8939999938011169,0.9627747535705566,0.9635414481163025
145,0.55,16.0,0.3111976683139801,0.8992499709129333,0.9633450508117676,0.96410071849823
146,0.55,17.0,0.4081835150718689,0.8647500276565552,0.9453074932098389,0.9429295659065247
147,0.55,18.0,0.4398013651371002,0.846750020980835,0.9298373460769653,0.9283068180084229
148,0.55,19.0,0.3841091990470886,0.8727499842643738,0.9508511424064636,0.9493634700775146
149,0.55,20.0,0.3168919086456299,0.8849999904632568,0.9546605348587036,0.9550601243972778
150,0.6,6.0,0.39837294816970825,0.8475000262260437,0.9229580163955688,0.9247145652770996
151,0.6,7.0,0.34159985184669495,0.8802499771118164,0.955014705657959,0.9555065035820007
152,0.6,8.0,0.35289251804351807,0.871999979019165,0.9443615674972534,0.9438203573226929
153,0.6,9.0,0.3733707368373871,0.8665000200271606,0.9433008432388306,0.942158043384552
154,0.6,10.0,0.3366813361644745,0.8694999814033508,0.9542118906974792,0.9560298323631287
155,0.6,11.0,0.3798002004623413,0.8877500295639038,0.9587087631225586,0.9577227830886841
156,0.6,12.0,0.35045555233955383,0.8622499704360962,0.9547861218452454,0.9543407559394836
157,0.6,13.0,0.3858671486377716,0.8532500267028809,0.956092894077301,0.9584516882896423
158,0.6,14.0,0.3907098174095154,0.8757500052452087,0.9470595121383667,0.9470866322517395
159,0.6,15.0,0.40025895833969116,0.8512499928474426,0.9329160451889038,0.9302383661270142
160,0.6,16.0,0.4803048372268677,0.8632500171661377,0.9384117126464844,0.9401777982711792
161,0.6,17.0,0.32303905487060547,0.8694999814033508,0.9456663131713867,0.9467417597770691
162,0.6,18.0,0.4667886793613434,0.8514999747276306,0.9312018156051636,0.9295311570167542
163,0.6,19.0,0.3966541886329651,0.8557500243186951,0.9341796636581421,0.9339408874511719
164,0.6,20.0,0.3883516788482666,0.8612499833106995,0.9410830736160278,0.9419540762901306
165,0.65,6.0,0.4515497088432312,0.8552500009536743,0.9327656626701355,0.9311836361885071
166,0.65,7.0,0.28282415866851807,0.8662499785423279,0.9433454871177673,0.942868709564209
167,0.65,8.0,0.29643818736076355,0.8690000176429749,0.9566432237625122,0.954865038394928
168,0.65,9.0,0.38180896639823914,0.8792499899864197,0.9495658278465271,0.9506248235702515
169,0.65,10.0,0.33331114053726196,0.862500011920929,0.9447759985923767,0.9433014392852783
170,0.65,11.0,0.419946551322937,0.8527500033378601,0.9266447424888611,0.9288010001182556
171,0.65,12.0,0.3179329037666321,0.8794999718666077,0.9509583711624146,0.9498358964920044
172,0.65,13.0,0.3407854437828064,0.8675000071525574,0.9436089396476746,0.942211925983429
173,0.65,14.0,0.3535720109939575,0.8604999780654907,0.9440459609031677,0.9439060091972351
174,0.65,15.0,0.4102620482444763,0.8527500033378601,0.9327514171600342,0.9319725632667542
175,0.65,16.0,0.32261762022972107,0.859000027179718,0.9392728805541992,0.9386106133460999
176,0.65,17.0,0.40659838914871216,0.8815000057220459,0.9548100233078003,0.9540588855743408
177,0.65,18.0,0.4086979627609253,0.8477500081062317,0.9284675717353821,0.9264854788780212
178,0.65,19.0,0.43073058128356934,0.8684999942779541,0.9479252696037292,0.9456710815429688
179,0.65,20.0,0.3781764507293701,0.8840000033378601,0.9558982849121094,0.954449474811554
180,0.7,6.0,0.34882670640945435,0.8880000114440918,0.9624447226524353,0.9600736498832703
181,0.7,7.0,0.3385309875011444,0.8757500052452087,0.9518833160400391,0.9496297240257263
182,0.7,8.0,0.36999356746673584,0.8809999823570251,0.9504444599151611,0.9511346817016602
183,0.7,9.0,0.3692854046821594,0.8629999756813049,0.9391070604324341,0.9375470876693726
184,0.7,10.0,0.4315279722213745,0.8682500123977661,0.9426811337471008,0.9429240226745605
185,0.7,11.0,0.32952380180358887,0.8830000162124634,0.9597724676132202,0.9604957103729248
186,0.7,12.0,0.3887264132499695,0.8737499713897705,0.9492226839065552,0.9478594064712524
187,0.7,13.0,0.3660930395126343,0.8827499747276306,0.9568665623664856,0.9561464190483093
188,0.7,14.0,0.38507792353630066,0.8757500052452087,0.9543560743331909,0.9517471194267273
189,0.7,15.0,0.3788956105709076,0.871749997138977,0.9454836845397949,0.9448047280311584
190,0.7,16.0,0.3844226598739624,0.8659999966621399,0.9435099959373474,0.9419841170310974
191,0.7,17.0,0.3863668441772461,0.8684999942779541,0.9484055638313293,0.9475201964378357
192,0.7,18.0,0.3476322293281555,0.8707500100135803,0.9445287585258484,0.9453016519546509
193,0.7,19.0,0.3393397927284241,0.8709999918937683,0.9501254558563232,0.9500356912612915
194,0.7,20.0,0.369003564119339,0.8629999756813049,0.9446713328361511,0.9454487562179565
195,0.75,6.0,0.41126132011413574,0.8762500286102295,0.9449909925460815,0.945650041103363
196,0.75,7.0,0.31726694107055664,0.8774999976158142,0.9524211883544922,0.9520422220230103
197,0.75,8.0,0.277569442987442,0.8912500143051147,0.9611624479293823,0.961201548576355
198,0.75,9.0,0.42367249727249146,0.8579999804496765,0.9330655932426453,0.9362176656723022
199,0.75,10.0,0.3695019781589508,0.8815000057220459,0.9515160918235779,0.9515553712844849
200,0.75,11.0,0.32734349370002747,0.8772500157356262,0.9535773992538452,0.9523585438728333
201,0.75,12.0,0.31931832432746887,0.8647500276565552,0.9469044804573059,0.9472479224205017
202,0.75,13.0,0.3341330885887146,0.8815000057220459,0.9547635912895203,0.9548720121383667
203,0.75,14.0,0.40093833208084106,0.8840000033378601,0.9526691436767578,0.9516345262527466
204,0.75,15.0,0.436539888381958,0.8619999885559082,0.9393489360809326,0.9377110600471497
205,0.75,16.0,0.3183889389038086,0.8612499833106995,0.9377965927124023,0.9371651411056519
206,0.75,17.0,0.4433160126209259,0.8627499938011169,0.9409182071685791,0.9389111995697021
207,0.75,18.0,0.3212054967880249,0.8715000152587891,0.9608888626098633,0.9613448977470398
208,0.75,19.0,0.34192943572998047,0.8784999847412109,0.9500653743743896,0.9507421851158142
209,0.75,20.0,0.4498928189277649,0.8629999756813049,0.9392389059066772,0.9374910593032837
210,0.8,6.0,0.3332306444644928,0.8452500104904175,0.9342576861381531,0.9353878498077393
211,0.8,7.0,0.3490649163722992,0.8774999976158142,0.9471069574356079,0.9475933313369751
212,0.8,8.0,0.33355697989463806,0.878000020980835,0.9490902423858643,0.9482308626174927
213,0.8,9.0,0.3467443883419037,0.8700000047683716,0.9542489051818848,0.9542628526687622
214,0.8,10.0,0.3973544239997864,0.8690000176429749,0.9451603889465332,0.945915699005127
215,0.8,11.0,0.4341926574707031,0.8702499866485596,0.9432930946350098,0.9432198405265808
216,0.8,12.0,0.3512208163738251,0.856249988079071,0.9355997443199158,0.9333851933479309
217,0.8,13.0,0.40513649582862854,0.878250002861023,0.9545840620994568,0.9524763822555542
218,0.8,14.0,0.34442007541656494,0.8832499980926514,0.9538352489471436,0.9550688862800598
219,0.8,15.0,0.4025047719478607,0.8629999756813049,0.9424359202384949,0.9413623213768005
220,0.8,16.0,0.4400196373462677,0.8542500138282776,0.9326660633087158,0.9317547678947449
221,0.8,17.0,0.3657799959182739,0.8517500162124634,0.9580835103988647,0.9580736756324768
222,0.8,18.0,0.4093221127986908,0.8682500123977661,0.9449871778488159,0.9450521469116211
223,0.8,19.0,0.325092077255249,0.8612499833106995,0.9422487616539001,0.9424290657043457
224,0.8,20.0,0.37295329570770264,0.8742499947547913,0.955141544342041,0.9547046422958374
225,0.85,6.0,0.37357646226882935,0.8272500038146973,0.9153047204017639,0.9125838875770569
226,0.85,7.0,0.3839870095252991,0.8757500052452087,0.952191948890686,0.951625406742096
227,0.85,8.0,0.35931825637817383,0.859749972820282,0.937515139579773,0.9370699524879456
228,0.85,9.0,0.43434199690818787,0.8642500042915344,0.9446682929992676,0.9433690905570984
229,0.85,10.0,0.3682955801486969,0.8787500262260437,0.9505709409713745,0.9499651193618774
230,0.85,11.0,0.45244407653808594,0.8690000176429749,0.945551872253418,0.9433513283729553
231,0.85,12.0,0.29665347933769226,0.8824999928474426,0.9553167223930359,0.9551610946655273
232,0.85,13.0,0.4061223864555359,0.8675000071525574,0.9423221945762634,0.9420382380485535
233,0.85,14.0,0.3895558714866638,0.8427500128746033,0.9276940822601318,0.9261853694915771
234,0.85,15.0,0.40211647748947144,0.8560000061988831,0.9349755644798279,0.9344764351844788
235,0.85,16.0,0.3882830739021301,0.8707500100135803,0.9471039772033691,0.9452846646308899
236,0.85,17.0,0.3741649389266968,0.8679999709129333,0.9437952637672424,0.9420943856239319
237,0.85,18.0,0.39807212352752686,0.8519999980926514,0.9349837303161621,0.9338167905807495
238,0.85,19.0,0.3217282295227051,0.878250002861023,0.9555647373199463,0.9562777280807495
239,0.85,20.0,0.32718098163604736,0.8579999804496765,0.9373934268951416,0.9381771087646484
240,0.9,6.0,0.34358716011047363,0.8652499914169312,0.9428984522819519,0.9432368874549866
241,0.9,7.0,0.3713994324207306,0.8787500262260437,0.9498978853225708,0.9489985108375549
242,0.9,8.0,0.3490263521671295,0.8769999742507935,0.9517844915390015,0.9493851661682129
243,0.9,9.0,0.36056047677993774,0.8832499980926514,0.9576064348220825,0.9580125212669373
244,0.9,10.0,0.29676321148872375,0.8790000081062317,0.9583990573883057,0.9567180275917053
245,0.9,11.0,0.3763987421989441,0.8692499995231628,0.9491349458694458,0.9470356106758118
246,0.9,12.0,0.42037004232406616,0.8732500076293945,0.9434605240821838,0.9431546926498413
247,0.9,13.0,0.47335970401763916,0.8662499785423279,0.9404438734054565,0.9407816529273987
248,0.9,14.0,0.4236750900745392,0.874750018119812,0.9472233057022095,0.9453418254852295
249,0.9,15.0,0.3946497440338135,0.8652499914169312,0.940452516078949,0.9393244981765747
250,0.9,16.0,0.30174720287323,0.878250002861023,0.9479463696479797,0.9472516775131226
251,0.9,17.0,0.4054853320121765,0.8672500252723694,0.9457852244377136,0.9433261752128601
252,0.9,18.0,0.3549005687236786,0.8982499837875366,0.9598479866981506,0.9590622782707214
253,0.9,19.0,0.34874147176742554,0.8652499914169312,0.9439293146133423,0.9437382221221924
254,0.9,20.0,0.29611948132514954,0.8837500214576721,0.9551658630371094,0.9565055966377258
255,0.95,6.0,0.335592120885849,0.8662499785423279,0.9401518106460571,0.9398726224899292
256,0.95,7.0,0.3773050308227539,0.8615000247955322,0.9390330910682678,0.9392085075378418
257,0.95,8.0,0.3790397644042969,0.8654999732971191,0.9450258016586304,0.9440271854400635
258,0.95,9.0,0.37982767820358276,0.8832499980926514,0.9537081122398376,0.9527807235717773
259,0.95,10.0,0.3768860697746277,0.8634999990463257,0.9410595893859863,0.9408040642738342
260,0.95,11.0,0.4075920581817627,0.8665000200271606,0.9360917806625366,0.9390803575515747
261,0.95,12.0,0.3355669379234314,0.8707500100135803,0.944740891456604,0.9442520141601562
262,0.95,13.0,0.2968493700027466,0.8575000166893005,0.9395604729652405,0.9384492635726929
263,0.95,14.0,0.35328879952430725,0.8475000262260437,0.9284731149673462,0.92738276720047
264,0.95,15.0,0.4426032304763794,0.8615000247955322,0.9367831945419312,0.9380397796630859
265,0.95,16.0,0.42627841234207153,0.8697500228881836,0.9473408460617065,0.9459510445594788
266,0.95,17.0,0.41133007407188416,0.8712499737739563,0.9452913999557495,0.9442110061645508
267,0.95,18.0,0.41787898540496826,0.8342499732971191,0.9166920185089111,0.9156922698020935
268,0.95,19.0,0.4135342240333557,0.8742499947547913,0.9480749368667603,0.9477565288543701
269,0.95,20.0,0.3674405813217163,0.8582500219345093,0.9312870502471924,0.9331414103507996
