,alpha,temperature,loss,ACC,AUPR,AUROC
0,0.1,1.0,0.4516851007938385,0.8542500138282776,0.931254506111145,0.9315302968025208
1,0.1,2.0,0.4557779133319855,0.859499990940094,0.9390637874603271,0.9372118711471558
2,0.1,3.0,0.3847726881504059,0.8567500114440918,0.9352547526359558,0.9336625933647156
3,0.1,4.0,0.40964192152023315,0.8712499737739563,0.948613703250885,0.948540210723877
4,0.1,5.0,0.4034701883792877,0.8339999914169312,0.9157423377037048,0.9162349700927734
5,0.1,6.0,0.30931034684181213,0.8899999856948853,0.9562304019927979,0.9552764892578125
6,0.1,7.0,0.41324445605278015,0.8577499985694885,0.938265323638916,0.9378277063369751
7,0.1,8.0,0.35418039560317993,0.887499988079071,0.9581061601638794,0.9569117426872253
8,0.1,9.0,0.4298149347305298,0.859000027179718,0.9423229694366455,0.9394672513008118
9,0.1,10.0,0.3300844728946686,0.8815000057220459,0.9530738592147827,0.9538498520851135
10,0.1,11.0,0.3368460536003113,0.8715000152587891,0.9465285539627075,0.9460852742195129
11,0.1,12.0,0.49088752269744873,0.8794999718666077,0.9502315521240234,0.9494307637214661
12,0.1,13.0,0.3544314503669739,0.8637499809265137,0.9412856101989746,0.9405577778816223
13,0.1,14.0,0.41286617517471313,0.856249988079071,0.9317792057991028,0.9335306882858276
14,0.1,15.0,0.34982988238334656,0.8867499828338623,0.9590967297554016,0.957874059677124
15,0.15,1.0,0.40378427505493164,0.8582500219345093,0.9415189027786255,0.9407087564468384
16,0.15,2.0,0.3580721616744995,0.8622499704360962,0.9358564019203186,0.936565637588501
17,0.15,3.0,0.34386134147644043,0.8857499957084656,0.9535069465637207,0.9525173306465149
18,0.15,4.0,0.389630526304245,0.8642500042915344,0.9365767240524292,0.938657283782959
19,0.15,5.0,0.3814101815223694,0.8722500205039978,0.9505850076675415,0.9497436285018921
20,0.15,6.0,0.48235222697257996,0.8637499809265137,0.9405267834663391,0.9390213489532471
21,0.15,7.0,0.30260610580444336,0.8667500019073486,0.9459505081176758,0.9446481466293335
22,0.15,8.0,0.37931811809539795,0.8647500276565552,0.9422720670700073,0.9401286244392395
23,0.15,9.0,0.3841894268989563,0.8759999871253967,0.9494214057922363,0.9490246176719666
24,0.15,10.0,0.3331582248210907,0.8772500157356262,0.9581373333930969,0.9575971961021423
25,0.15,11.0,0.4234587550163269,0.8765000104904175,0.9484111666679382,0.9467170834541321
26,0.15,12.0,0.3754221796989441,0.8612499833106995,0.9402100443840027,0.9399176836013794
27,0.15,13.0,0.3944665193557739,0.8654999732971191,0.9435404539108276,0.9421532154083252
28,0.15,14.0,0.47066742181777954,0.8317499756813049,0.9204360246658325,0.9197428226470947
29,0.15,15.0,0.4657866358757019,0.8742499947547913,0.948796272277832,0.9496580958366394
30,0.2,1.0,0.4223558008670807,0.847000002861023,0.9261480569839478,0.9266555905342102
31,0.2,2.0,0.35238271951675415,0.8565000295639038,0.9302334189414978,0.9296953678131104
32,0.2,3.0,0.3408028483390808,0.859499990940094,0.9342283606529236,0.9331501126289368
33,0.2,4.0,0.3874239921569824,0.8577499985694885,0.9411291480064392,0.9386925101280212
34,0.2,5.0,0.37158098816871643,0.8585000038146973,0.9349844455718994,0.9342441558837891
35,0.2,6.0,0.40907156467437744,0.8694999814033508,0.9424414038658142,0.9425455927848816
36,0.2,7.0,0.3428158760070801,0.843999981880188,0.9318115711212158,0.9303601384162903
37,0.2,8.0,0.37697359919548035,0.8617500066757202,0.9370191097259521,0.9368267059326172
38,0.2,9.0,0.32140958309173584,0.8662499785423279,0.937008261680603,0.9369073510169983
39,0.2,10.0,0.33076053857803345,0.8669999837875366,0.944536030292511,0.9457142353057861
40,0.2,11.0,0.38793087005615234,0.8522499799728394,0.9336993098258972,0.9319383502006531
41,0.2,12.0,0.35817456245422363,0.8662499785423279,0.945591926574707,0.9449687004089355
42,0.2,13.0,0.3780885338783264,0.8495000004768372,0.9252381920814514,0.9261921048164368
43,0.2,14.0,0.41084545850753784,0.8700000047683716,0.9483919739723206,0.9458877444267273
44,0.2,15.0,0.3867771029472351,0.8642500042915344,0.9454606175422668,0.944663941860199
45,0.25,1.0,0.33847302198410034,0.8732500076293945,0.9507437348365784,0.9516217708587646
46,0.25,2.0,0.3762736916542053,0.8612499833106995,0.9366360306739807,0.9362095594406128
47,0.25,3.0,0.3907526433467865,0.8870000243186951,0.9570435285568237,0.956978976726532
48,0.25,4.0,0.36003223061561584,0.8622499704360962,0.9376623630523682,0.9359187483787537
49,0.25,5.0,0.4071270525455475,0.8387500047683716,0.9472849369049072,0.9477728009223938
50,0.25,6.0,0.34120333194732666,0.8672500252723694,0.950672447681427,0.9509643912315369
51,0.25,7.0,0.3792880177497864,0.8582500219345093,0.9400173425674438,0.9382879137992859
52,0.25,8.0,0.42311111092567444,0.8712499737739563,0.943635880947113,0.944922924041748
53,0.25,9.0,0.3853360712528229,0.8772500157356262,0.9514427185058594,0.9513424634933472
54,0.25,10.0,0.3597356081008911,0.8647500276565552,0.9514147043228149,0.9508293271064758
55,0.25,11.0,0.3046056628227234,0.8772500157356262,0.9594796299934387,0.961044192314148
56,0.25,12.0,0.46337151527404785,0.8349999785423279,0.9123349189758301,0.9150999188423157
57,0.25,13.0,0.4136350154876709,0.8475000262260437,0.9227123260498047,0.9244783520698547
58,0.25,14.0,0.30203020572662354,0.8759999871253967,0.9517496824264526,0.9519281387329102
59,0.25,15.0,0.36720120906829834,0.8807500004768372,0.9588779211044312,0.958185613155365
60,0.3,1.0,0.3185604214668274,0.8662499785423279,0.9504749178886414,0.9510515928268433
61,0.3,2.0,0.2952519655227661,0.8842499852180481,0.9533629417419434,0.9541216492652893
62,0.3,3.0,0.4095601439476013,0.8577499985694885,0.9363809823989868,0.9367454051971436
63,0.3,4.0,0.3899386525154114,0.8657500147819519,0.9396706819534302,0.9372839331626892
64,0.3,5.0,0.3202863931655884,0.8790000081062317,0.9568159580230713,0.955172061920166
65,0.3,6.0,0.3825075626373291,0.8557500243186951,0.9397062063217163,0.9374757409095764
66,0.3,7.0,0.36416465044021606,0.8464999794960022,0.9249836206436157,0.9227062463760376
67,0.3,8.0,0.3383283019065857,0.8694999814033508,0.9455981254577637,0.9462510347366333
68,0.3,9.0,0.2909163236618042,0.8727499842643738,0.9500738382339478,0.9502464532852173
69,0.3,10.0,0.2768356502056122,0.8817499876022339,0.9525354504585266,0.9533873200416565
70,0.3,11.0,0.3520275354385376,0.8927500247955322,0.961637020111084,0.9611510634422302
71,0.3,12.0,0.36021003127098083,0.8622499704360962,0.9424238204956055,0.9426530599594116
72,0.3,13.0,0.33367884159088135,0.887499988079071,0.9594980478286743,0.9588895440101624
73,0.3,14.0,0.41604703664779663,0.871999979019165,0.9518597722053528,0.9514952898025513
74,0.3,15.0,0.4383848309516907,0.8702499866485596,0.9425135850906372,0.9423277974128723
75,0.35,1.0,0.2840007543563843,0.887499988079071,0.959987998008728,0.9613485336303711
76,0.35,2.0,0.28054696321487427,0.8830000162124634,0.9579501152038574,0.9587057828903198
77,0.35,3.0,0.40140458941459656,0.8462499976158142,0.9259372353553772,0.9255448579788208
78,0.35,4.0,0.33857691287994385,0.8575000166893005,0.9495337009429932,0.9488974809646606
79,0.35,5.0,0.4695461690425873,0.847000002861023,0.9222840070724487,0.9223655462265015
80,0.35,6.0,0.3320257067680359,0.8855000138282776,0.9541608095169067,0.953757107257843
81,0.35,7.0,0.3191525936126709,0.8544999957084656,0.9421335458755493,0.9412469267845154
82,0.35,8.0,0.4592598080635071,0.8224999904632568,0.90589439868927,0.9066593050956726
83,0.35,9.0,0.3198019564151764,0.890749990940094,0.9602084159851074,0.9593231678009033
84,0.35,10.0,0.3030453622341156,0.8395000100135803,0.9229023456573486,0.9220821261405945
85,0.35,11.0,0.3277486562728882,0.8794999718666077,0.9577798247337341,0.9578686356544495
86,0.35,12.0,0.3479622006416321,0.8817499876022339,0.9547683000564575,0.9541055560112
87,0.35,13.0,0.3912198841571808,0.8725000023841858,0.9509410858154297,0.9503863453865051
88,0.35,14.0,0.34290194511413574,0.8565000295639038,0.9431711435317993,0.9404979944229126
89,0.35,15.0,0.3873780071735382,0.8845000267028809,0.9527226090431213,0.9518120288848877
90,0.4,1.0,0.5110858678817749,0.8237500190734863,0.9084583520889282,0.9063766002655029
91,0.4,2.0,0.30403953790664673,0.8654999732971191,0.9436192512512207,0.9436951279640198
92,0.4,3.0,0.3786149024963379,0.871749997138977,0.9456508755683899,0.9454067349433899
93,0.4,4.0,0.40987956523895264,0.8855000138282776,0.949407160282135,0.951015293598175
94,0.4,5.0,0.34024837613105774,0.8805000185966492,0.9490019083023071,0.9492959976196289
95,0.4,6.0,0.39225631952285767,0.8587499856948853,0.9350305795669556,0.9347739815711975
96,0.4,7.0,0.37338992953300476,0.8579999804496765,0.9371015429496765,0.9373263716697693
97,0.4,8.0,0.40544456243515015,0.8489999771118164,0.9280518889427185,0.9280089735984802
98,0.4,9.0,0.38685405254364014,0.8652499914169312,0.9397509694099426,0.9399999380111694
99,0.4,10.0,0.4635232090950012,0.7904999852180481,0.9136006832122803,0.913138747215271
100,0.4,11.0,0.35038113594055176,0.8769999742507935,0.9453283548355103,0.9474577903747559
101,0.4,12.0,0.38201484084129333,0.8790000081062317,0.9523869156837463,0.9517385959625244
102,0.4,13.0,0.3932637572288513,0.8519999980926514,0.9329590797424316,0.9301277995109558
103,0.4,14.0,0.30207276344299316,0.8622499704360962,0.939003050327301,0.9392289519309998
104,0.4,15.0,0.33700260519981384,0.8824999928474426,0.9566650390625,0.9565228223800659
105,0.45,1.0,0.3507649898529053,0.8865000009536743,0.9537848234176636,0.9554260969161987
106,0.45,2.0,0.30157461762428284,0.8565000295639038,0.9374796152114868,0.9360647201538086
107,0.45,3.0,0.4525201618671417,0.859749972820282,0.93813556432724,0.935992956161499
108,0.45,4.0,0.4357213079929352,0.8539999723434448,0.9345648288726807,0.9326578378677368
109,0.45,5.0,0.3509938716888428,0.8884999752044678,0.9590049386024475,0.9573537111282349
110,0.45,6.0,0.4478178322315216,0.8512499928474426,0.9361081719398499,0.9353106021881104
111,0.45,7.0,0.2845882177352905,0.8934999704360962,0.9586193561553955,0.958229124546051
112,0.45,8.0,0.32728320360183716,0.8610000014305115,0.9465686678886414,0.9465638399124146
113,0.45,9.0,0.3719588816165924,0.8507500290870667,0.9307352900505066,0.928825855255127
114,0.45,10.0,0.38834112882614136,0.8682500123977661,0.9453596472740173,0.9432333111763
115,0.45,11.0,0.34139615297317505,0.8820000290870667,0.957843005657196,0.9565865993499756
116,0.45,12.0,0.3558271825313568,0.8687499761581421,0.9455776810646057,0.9448047280311584
117,0.45,13.0,0.3610779047012329,0.8740000128746033,0.9562466144561768,0.9567859768867493
118,0.45,14.0,0.4617670178413391,0.84375,0.9268144965171814,0.9224173426628113
119,0.45,15.0,0.4306314289569855,0.8567500114440918,0.9377591609954834,0.9366575479507446
120,0.5,1.0,0.5289682149887085,0.8607500195503235,0.9351472854614258,0.9343904256820679
121,0.5,2.0,0.4283122718334198,0.862500011920929,0.9374419450759888,0.9352547526359558
122,0.5,3.0,0.43758705258369446,0.8692499995231628,0.9389235973358154,0.9392736554145813
123,0.5,4.0,0.3928285241127014,0.8604999780654907,0.9413665533065796,0.9403284788131714
124,0.5,5.0,0.3801109790802002,0.8542500138282776,0.9341565370559692,0.9329258799552917
125,0.5,6.0,0.31211715936660767,0.8705000281333923,0.9449844360351562,0.9452149271965027
126,0.5,7.0,0.34583166241645813,0.8647500276565552,0.9427265524864197,0.9414768218994141
127,0.5,8.0,0.4561212360858917,0.8672500252723694,0.9435855746269226,0.941758394241333
128,0.5,9.0,0.4519859552383423,0.828249990940094,0.9124507308006287,0.9130370020866394
129,0.5,10.0,0.4201638400554657,0.8667500019073486,0.9423361420631409,0.9420142769813538
130,0.5,11.0,0.3748433589935303,0.887499988079071,0.9564410448074341,0.9553920030593872
131,0.5,12.0,0.30596792697906494,0.8547499775886536,0.935168981552124,0.9337942600250244
132,0.5,13.0,0.4253219664096832,0.8615000247955322,0.9411880373954773,0.9401518106460571
133,0.5,14.0,0.3426826000213623,0.8917499780654907,0.9604600667953491,0.9600514769554138
134,0.5,15.0,0.36779728531837463,0.8607500195503235,0.9377819299697876,0.9380071759223938
135,0.55,1.0,0.2838784456253052,0.8682500123977661,0.9488155245780945,0.947563886642456
136,0.55,2.0,0.36063748598098755,0.8617500066757202,0.9430913329124451,0.9427806735038757
137,0.55,3.0,0.40554705262184143,0.8732500076293945,0.9447574615478516,0.9445434212684631
138,0.55,4.0,0.3491567373275757,0.8872500061988831,0.9579899907112122,0.9559198617935181
139,0.55,5.0,0.3827470541000366,0.8364999890327454,0.9466708302497864,0.9474614262580872
140,0.55,6.0,0.3788337707519531,0.8809999823570251,0.9506716132164001,0.9497920274734497
141,0.55,7.0,0.38076651096343994,0.8542500138282776,0.9344826340675354,0.9324986338615417
142,0.55,8.0,0.34718286991119385,0.8662499785423279,0.9441049098968506,0.9434165358543396
143,0.55,9.0,0.3501203656196594,0.8604999780654907,0.9428961277008057,0.9431090950965881
144,0.55,10.0,0.3987395763397217,0.8602499961853027,0.9386741518974304,0.9375311136245728
145,0.55,11.0,0.41137877106666565,0.8622499704360962,0.9409434795379639,0.9401780962944031
146,0.55,12.0,0.3656845688819885,0.8769999742507935,0.955531895160675,0.9547165632247925
147,0.55,13.0,0.43240049481391907,0.8550000190734863,0.9319359064102173,0.9309808611869812
148,0.55,14.0,0.3214338719844818,0.8669999837875366,0.9449364542961121,0.9428147673606873
149,0.55,15.0,0.42928412556648254,0.8622499704360962,0.938811182975769,0.9375479817390442
150,0.6,1.0,0.244398832321167,0.8892499804496765,0.9596710205078125,0.9596749544143677
151,0.6,2.0,0.3267621397972107,0.8632500171661377,0.9375835657119751,0.9383382201194763
152,0.6,3.0,0.3709189295768738,0.8734999895095825,0.9453330636024475,0.9457181692123413
153,0.6,4.0,0.3744385242462158,0.8610000014305115,0.9380888938903809,0.9398265480995178
154,0.6,5.0,0.3273298442363739,0.8579999804496765,0.9415463209152222,0.9413041472434998
155,0.6,6.0,0.3462168872356415,0.878000020980835,0.9499351382255554,0.9496999382972717
156,0.6,7.0,0.3571619391441345,0.8812500238418579,0.9532869458198547,0.9527075886726379
157,0.6,8.0,0.3705465495586395,0.8799999952316284,0.948826789855957,0.9488744735717773
158,0.6,9.0,0.3466569185256958,0.8659999966621399,0.9416021108627319,0.9401557445526123
159,0.6,10.0,0.37664085626602173,0.8740000128746033,0.9476476311683655,0.9476005434989929
160,0.6,11.0,0.36645665764808655,0.8552500009536743,0.9330311417579651,0.9314606189727783
161,0.6,12.0,0.3470374047756195,0.871999979019165,0.9472776055335999,0.9468247294425964
162,0.6,13.0,0.36380714178085327,0.8852499723434448,0.9554105997085571,0.9542533159255981
163,0.6,14.0,0.3861324191093445,0.8715000152587891,0.9486077427864075,0.9471763968467712
164,0.6,15.0,0.35970139503479004,0.874750018119812,0.9473920464515686,0.9479972720146179
165,0.65,1.0,0.3398815095424652,0.8734999895095825,0.9491091370582581,0.9479301571846008
166,0.65,2.0,0.3834933340549469,0.8802499771118164,0.9507380127906799,0.9497625827789307
167,0.65,3.0,0.4192672073841095,0.8684999942779541,0.9448783993721008,0.9439153671264648
168,0.65,4.0,0.44857558608055115,0.859000027179718,0.9360679984092712,0.9341957569122314
169,0.65,5.0,0.3473861813545227,0.8654999732971191,0.9501935243606567,0.9495771527290344
170,0.65,6.0,0.36648428440093994,0.8765000104904175,0.9502964615821838,0.9503000974655151
171,0.65,7.0,0.3313925862312317,0.8852499723434448,0.955556333065033,0.9544209837913513
172,0.65,8.0,0.4984762370586395,0.8554999828338623,0.9293211102485657,0.9286119341850281
173,0.65,9.0,0.3048900365829468,0.8619999885559082,0.9560350775718689,0.958274245262146
174,0.65,10.0,0.32495972514152527,0.8659999966621399,0.9437094330787659,0.9444197416305542
175,0.65,11.0,0.39090871810913086,0.8479999899864197,0.9302814602851868,0.9274163246154785
176,0.65,12.0,0.3002721071243286,0.8922500014305115,0.9604688286781311,0.9602521061897278
177,0.65,13.0,0.327818900346756,0.8865000009536743,0.9535007476806641,0.9542988538742065
178,0.65,14.0,0.3790498375892639,0.8687499761581421,0.9465340375900269,0.9452776908874512
179,0.65,15.0,0.3380025625228882,0.8849999904632568,0.9512763023376465,0.9525011777877808
180,0.7,1.0,0.4563204050064087,0.8535000085830688,0.9338465929031372,0.933073878288269
181,0.7,2.0,0.3958812355995178,0.8569999933242798,0.9365218281745911,0.9357830286026001
182,0.7,3.0,0.40909361839294434,0.8517500162124634,0.9306139349937439,0.9299602508544922
183,0.7,4.0,0.37570592761039734,0.8799999952316284,0.9530302286148071,0.9535319209098816
184,0.7,5.0,0.46788787841796875,0.8297500014305115,0.9102470874786377,0.9116120934486389
185,0.7,6.0,0.366426557302475,0.859499990940094,0.937053918838501,0.9369909763336182
186,0.7,7.0,0.39027249813079834,0.8572499752044678,0.9390342831611633,0.9388944506645203
187,0.7,8.0,0.31160593032836914,0.878250002861023,0.9499994516372681,0.9498637318611145
188,0.7,9.0,0.47843801975250244,0.859000027179718,0.9328444004058838,0.9321979880332947
189,0.7,10.0,0.41304081678390503,0.8632500171661377,0.9378330707550049,0.9376763105392456
190,0.7,11.0,0.36620569229125977,0.8629999756813049,0.9396982789039612,0.9383159279823303
191,0.7,12.0,0.3865587115287781,0.84375,0.9406000971794128,0.9407270550727844
192,0.7,13.0,0.3285942077636719,0.8475000262260437,0.9295918345451355,0.9298143982887268
193,0.7,14.0,0.37181809544563293,0.875,0.9497576355934143,0.9495130181312561
194,0.7,15.0,0.4540552794933319,0.8757500052452087,0.9495459794998169,0.9490538835525513
195,0.75,1.0,0.46191856265068054,0.8464999794960022,0.9315423965454102,0.9299126863479614
196,0.75,2.0,0.37798038125038147,0.8820000290870667,0.9564908146858215,0.9557037353515625
197,0.75,3.0,0.3456656038761139,0.8679999709129333,0.9470827579498291,0.9460127353668213
198,0.75,4.0,0.3790329694747925,0.8707500100135803,0.9434158802032471,0.943651556968689
199,0.75,5.0,0.3671611547470093,0.8662499785423279,0.9415302872657776,0.9401764869689941
200,0.75,6.0,0.35220420360565186,0.8665000200271606,0.9497455358505249,0.9492796659469604
201,0.75,7.0,0.35854536294937134,0.8640000224113464,0.9382271766662598,0.9376441836357117
202,0.75,8.0,0.398635596036911,0.8567500114440918,0.9359710216522217,0.9356739521026611
203,0.75,9.0,0.43275612592697144,0.8389999866485596,0.9216387867927551,0.9227770566940308
204,0.75,10.0,0.3348134756088257,0.8877500295639038,0.9543639421463013,0.9538459181785583
205,0.75,11.0,0.3842656910419464,0.8627499938011169,0.9382144212722778,0.9361721277236938
206,0.75,12.0,0.3479197323322296,0.8859999775886536,0.9541348814964294,0.9551814794540405
207,0.75,13.0,0.36523720622062683,0.8805000185966492,0.9521439075469971,0.9515407681465149
208,0.75,14.0,0.3667569160461426,0.8497499823570251,0.9309958815574646,0.9314536452293396
209,0.75,15.0,0.4529288411140442,0.8374999761581421,0.9211403727531433,0.9226996302604675
210,0.8,1.0,0.29592207074165344,0.8792499899864197,0.9490675926208496,0.9493303894996643
211,0.8,2.0,0.4857472777366638,0.8507500290870667,0.9283270239830017,0.9293608665466309
212,0.8,3.0,0.44412457942962646,0.8737499713897705,0.9415512681007385,0.9426771998405457
213,0.8,4.0,0.3590697944164276,0.8855000138282776,0.9567082524299622,0.9557511806488037
214,0.8,5.0,0.35333308577537537,0.859749972820282,0.9385775327682495,0.9403184056282043
215,0.8,6.0,0.3616473376750946,0.8812500238418579,0.9497915506362915,0.9489773511886597
216,0.8,7.0,0.32909202575683594,0.8777499794960022,0.9442042708396912,0.9445708394050598
217,0.8,8.0,0.3443984389305115,0.875249981880188,0.9548611640930176,0.9548971652984619
218,0.8,9.0,0.4631451964378357,0.859749972820282,0.9353399276733398,0.9339616894721985
219,0.8,10.0,0.32803240418434143,0.8862500190734863,0.9570122957229614,0.9568701386451721
220,0.8,11.0,0.3733638525009155,0.8732500076293945,0.94507896900177,0.9465358257293701
221,0.8,12.0,0.36622822284698486,0.8769999742507935,0.9512732625007629,0.9496350884437561
222,0.8,13.0,0.374051958322525,0.8487499952316284,0.9319981336593628,0.9299370050430298
223,0.8,14.0,0.40241697430610657,0.8767499923706055,0.9503012299537659,0.9491434693336487
224,0.8,15.0,0.34902751445770264,0.859250009059906,0.9453042149543762,0.9448705911636353
225,0.85,1.0,0.40966010093688965,0.8672500252723694,0.9453913569450378,0.9430162906646729
226,0.85,2.0,0.3960639238357544,0.875249981880188,0.9484531283378601,0.9479784369468689
227,0.85,3.0,0.3809612989425659,0.8715000152587891,0.9499052166938782,0.9488229751586914
228,0.85,4.0,0.4529115557670593,0.8510000109672546,0.9200260043144226,0.9188205003738403
229,0.85,5.0,0.37114769220352173,0.8587499856948853,0.9318987131118774,0.9319683313369751
230,0.85,6.0,0.3818756937980652,0.871749997138977,0.9482132196426392,0.9464049339294434
231,0.85,7.0,0.4386224150657654,0.8787500262260437,0.9504915475845337,0.9490727782249451
232,0.85,8.0,0.371937096118927,0.8457499742507935,0.9383341670036316,0.9376978278160095
233,0.85,9.0,0.3939903974533081,0.8662499785423279,0.9422113299369812,0.9425771236419678
234,0.85,10.0,0.3786223232746124,0.871749997138977,0.9458969831466675,0.9446151256561279
235,0.85,11.0,0.3322785496711731,0.8827499747276306,0.9535493850708008,0.9547074437141418
236,0.85,12.0,0.4006741940975189,0.8665000200271606,0.9383102655410767,0.9412948489189148
237,0.85,13.0,0.409074068069458,0.8709999918937683,0.9477022886276245,0.9465236663818359
238,0.85,14.0,0.3519122004508972,0.8640000224113464,0.9425818920135498,0.9409804344177246
239,0.85,15.0,0.28724581003189087,0.8677499890327454,0.9421058893203735,0.9425896406173706
240,0.9,1.0,0.3349657654762268,0.8787500262260437,0.9532315731048584,0.95228511095047
241,0.9,2.0,0.33659014105796814,0.8822500109672546,0.9561214447021484,0.956432580947876
242,0.9,3.0,0.41122350096702576,0.8542500138282776,0.9333727359771729,0.9336591958999634
243,0.9,4.0,0.3480486273765564,0.8634999990463257,0.9446770548820496,0.9425650238990784
244,0.9,5.0,0.35294029116630554,0.8535000085830688,0.9286900758743286,0.9275844693183899
245,0.9,6.0,0.44468677043914795,0.8679999709129333,0.9425989389419556,0.9401840567588806
246,0.9,7.0,0.3898879885673523,0.8617500066757202,0.9389181733131409,0.9369460344314575
247,0.9,8.0,0.3523337244987488,0.8740000128746033,0.9487214088439941,0.947521448135376
248,0.9,9.0,0.4107572138309479,0.859000027179718,0.9427909851074219,0.9405347108840942
249,0.9,10.0,0.3551327884197235,0.8612499833106995,0.9423635005950928,0.9399864673614502
250,0.9,11.0,0.3501822054386139,0.8527500033378601,0.932227611541748,0.932751476764679
251,0.9,12.0,0.3301793038845062,0.8762500286102295,0.9488346576690674,0.9490717649459839
252,0.9,13.0,0.36406469345092773,0.8815000057220459,0.94889897108078,0.9491600394248962
253,0.9,14.0,0.3615143299102783,0.8767499923706055,0.9482382535934448,0.9468660950660706
254,0.9,15.0,0.44207531213760376,0.8587499856948853,0.9330146312713623,0.9321516156196594
255,0.95,1.0,0.3736608624458313,0.8769999742507935,0.9494969844818115,0.9514341950416565
256,0.95,2.0,0.39527520537376404,0.8725000023841858,0.9449713826179504,0.9468869566917419
257,0.95,3.0,0.41533324122428894,0.8612499833106995,0.9411655068397522,0.9409574866294861
258,0.95,4.0,0.3737000823020935,0.8772500157356262,0.9510289430618286,0.9503920674324036
259,0.95,5.0,0.3979664444923401,0.8587499856948853,0.933243453502655,0.9355043172836304
260,0.95,6.0,0.36338797211647034,0.8882499933242798,0.9590599536895752,0.9586195945739746
261,0.95,7.0,0.44119152426719666,0.8654999732971191,0.9412068724632263,0.9407856464385986
262,0.95,8.0,0.345829576253891,0.8672500252723694,0.9441013336181641,0.9419375061988831
263,0.95,9.0,0.36870792508125305,0.8962500095367432,0.9612465500831604,0.962551474571228
264,0.95,10.0,0.37455108761787415,0.8687499761581421,0.9455710649490356,0.943657398223877
265,0.95,11.0,0.3223799169063568,0.8822500109672546,0.9504119157791138,0.9505088925361633
266,0.95,12.0,0.43021273612976074,0.871749997138977,0.945857584476471,0.9457684755325317
267,0.95,13.0,0.3824935555458069,0.8765000104904175,0.9481472969055176,0.9480700492858887
268,0.95,14.0,0.3402581512928009,0.8847500085830688,0.9534211158752441,0.9527064561843872
269,0.95,15.0,0.4337708353996277,0.8802499771118164,0.9523709416389465,0.951497495174408
