,alpha,temperature,loss,ACC,AUPR,AUROC
0,0.1,6.0,0.3187182545661926,0.8679999709129333,0.9602839946746826,0.9615683555603027
1,0.1,7.0,0.43075916171073914,0.8529999852180481,0.9267430901527405,0.9268142580986023
2,0.1,8.0,0.39516890048980713,0.8799999952316284,0.951728105545044,0.9513710141181946
3,0.1,9.0,0.40489375591278076,0.8612499833106995,0.9345847368240356,0.9359777569770813
4,0.1,10.0,0.44763389229774475,0.8492500185966492,0.9273360371589661,0.9264134764671326
5,0.1,11.0,0.38776713609695435,0.8672500252723694,0.9458808302879333,0.9429545402526855
6,0.1,12.0,0.4174480438232422,0.8585000038146973,0.9350181221961975,0.9346514940261841
7,0.1,13.0,0.32663899660110474,0.8682500123977661,0.9408701062202454,0.9415449500083923
8,0.1,14.0,0.4076251685619354,0.8640000224113464,0.9373933672904968,0.9375650882720947
9,0.1,15.0,0.3745746910572052,0.8659999966621399,0.9430714249610901,0.9420580267906189
10,0.1,16.0,0.32347777485847473,0.8634999990463257,0.9386618733406067,0.9365479350090027
11,0.1,17.0,0.4174039959907532,0.8585000038146973,0.9341064691543579,0.9322575926780701
12,0.1,18.0,0.4035196304321289,0.8640000224113464,0.9426032304763794,0.9399716854095459
13,0.1,19.0,0.36001378297805786,0.8725000023841858,0.9502550363540649,0.949846088886261
14,0.1,20.0,0.34886348247528076,0.8824999928474426,0.9474471807479858,0.9489994049072266
15,0.2,6.0,0.3651372194290161,0.8615000247955322,0.9361820816993713,0.9366410374641418
16,0.2,7.0,0.3454744815826416,0.8610000014305115,0.9377889633178711,0.9381866455078125
17,0.2,8.0,0.3838275969028473,0.8694999814033508,0.9441127777099609,0.9435994625091553
18,0.2,9.0,0.48334091901779175,0.8457499742507935,0.9274985790252686,0.9293838143348694
19,0.2,10.0,0.40862414240837097,0.8550000190734863,0.9324892163276672,0.9311144948005676
20,0.2,11.0,0.2881591320037842,0.8602499961853027,0.9474720358848572,0.9490885138511658
21,0.2,12.0,0.39038902521133423,0.8577499985694885,0.9404426217079163,0.939595103263855
22,0.2,13.0,0.38250306248664856,0.8815000057220459,0.9540124535560608,0.9530958533287048
23,0.2,14.0,0.32429736852645874,0.8722500205039978,0.9502202272415161,0.9517338871955872
24,0.2,15.0,0.4125818908214569,0.8502500057220459,0.9322985410690308,0.9326971769332886
25,0.2,16.0,0.3690720796585083,0.8579999804496765,0.940188467502594,0.9382021427154541
26,0.2,17.0,0.3118284344673157,0.8662499785423279,0.9437525272369385,0.9425992965698242
27,0.2,18.0,0.43219009041786194,0.8252500295639038,0.9162623286247253,0.9206399321556091
28,0.2,19.0,0.5012110471725464,0.8475000262260437,0.9297389984130859,0.9271031618118286
29,0.2,20.0,0.3502539098262787,0.8307499885559082,0.9450634121894836,0.9456011056900024
30,0.3,6.0,0.28256115317344666,0.8787500262260437,0.9552029967308044,0.9548799395561218
31,0.3,7.0,0.39262792468070984,0.8544999957084656,0.9328501224517822,0.9321738481521606
32,0.3,8.0,0.30612456798553467,0.8427500128746033,0.9205350279808044,0.9222602844238281
33,0.3,9.0,0.39130306243896484,0.8737499713897705,0.9469016790390015,0.9467025399208069
34,0.3,10.0,0.3186972141265869,0.878000020980835,0.9511365294456482,0.95216304063797
35,0.3,11.0,0.3693774938583374,0.8617500066757202,0.9360520243644714,0.9355171918869019
36,0.3,12.0,0.3680136203765869,0.874750018119812,0.9510075449943542,0.9516150951385498
37,0.3,13.0,0.4072481095790863,0.8705000281333923,0.944212794303894,0.9426940083503723
38,0.3,14.0,0.39492666721343994,0.859000027179718,0.9354415535926819,0.9334402680397034
39,0.3,15.0,0.3490332067012787,0.859250009059906,0.9391418099403381,0.938477098941803
40,0.3,16.0,0.3370037078857422,0.8730000257492065,0.9499355554580688,0.9492006301879883
41,0.3,17.0,0.35768112540245056,0.8917499780654907,0.9594323039054871,0.9580438733100891
42,0.3,18.0,0.4207642078399658,0.8684999942779541,0.9391887784004211,0.9398660659790039
43,0.3,19.0,0.44588589668273926,0.8567500114440918,0.9368176460266113,0.9346621632575989
44,0.3,20.0,0.3893531560897827,0.875249981880188,0.95348060131073,0.9525438547134399
45,0.4,6.0,0.4083715081214905,0.8690000176429749,0.9446858167648315,0.9441792368888855
46,0.4,7.0,0.3916056454181671,0.8787500262260437,0.9547325372695923,0.9535225033760071
47,0.4,8.0,0.46553874015808105,0.8447499871253967,0.928923487663269,0.927751362323761
48,0.4,9.0,0.4175204336643219,0.8610000014305115,0.9419718980789185,0.9415773749351501
49,0.4,10.0,0.35011762380599976,0.8862500190734863,0.9582575559616089,0.9571936130523682
50,0.4,11.0,0.43355610966682434,0.8487499952316284,0.935930609703064,0.9336283802986145
51,0.4,12.0,0.4155340790748596,0.8662499785423279,0.9419072270393372,0.9406642317771912
52,0.4,13.0,0.34769412875175476,0.8757500052452087,0.9514132142066956,0.9506141543388367
53,0.4,14.0,0.41600745916366577,0.8637499809265137,0.9366688132286072,0.9364035725593567
54,0.4,15.0,0.40841877460479736,0.8604999780654907,0.9442216157913208,0.9427255392074585
55,0.4,16.0,0.35853880643844604,0.8932499885559082,0.9595127105712891,0.959542989730835
56,0.4,17.0,0.3621707260608673,0.8822500109672546,0.9561348557472229,0.9559009075164795
57,0.4,18.0,0.30363893508911133,0.8765000104904175,0.9564642310142517,0.9547812938690186
58,0.4,19.0,0.33731505274772644,0.8744999766349792,0.9512829184532166,0.9512922167778015
59,0.4,20.0,0.4754312336444855,0.8527500033378601,0.948162853717804,0.9474669098854065
60,0.5,6.0,0.3465893268585205,0.8512499928474426,0.9475125074386597,0.9467409253120422
61,0.5,7.0,0.301959753036499,0.8859999775886536,0.9573255181312561,0.9568918347358704
62,0.5,8.0,0.29768410325050354,0.8834999799728394,0.9526537656784058,0.9524590969085693
63,0.5,9.0,0.24254785478115082,0.8662499785423279,0.9608479142189026,0.9611329436302185
64,0.5,10.0,0.36025822162628174,0.8694999814033508,0.9463180303573608,0.9461621046066284
65,0.5,11.0,0.3672175407409668,0.8542500138282776,0.9409958124160767,0.9397847652435303
66,0.5,12.0,0.4452342391014099,0.8585000038146973,0.9360551834106445,0.9357937574386597
67,0.5,13.0,0.396956205368042,0.8627499938011169,0.9362800121307373,0.9364692568778992
68,0.5,14.0,0.4966297149658203,0.8612499833106995,0.9386643767356873,0.939473569393158
69,0.5,15.0,0.2865839898586273,0.8740000128746033,0.9589270949363708,0.9589186906814575
70,0.5,16.0,0.3927898705005646,0.8495000004768372,0.9298676252365112,0.928946316242218
71,0.5,17.0,0.3760128915309906,0.8740000128746033,0.94935542345047,0.9488970637321472
72,0.5,18.0,0.41852542757987976,0.8634999990463257,0.9407663941383362,0.9386327862739563
73,0.5,19.0,0.4201458990573883,0.8700000047683716,0.9442284107208252,0.9437033534049988
74,0.5,20.0,0.32977592945098877,0.8652499914169312,0.9433380961418152,0.9413973689079285
75,0.6,6.0,0.28867775201797485,0.8507500290870667,0.9455575942993164,0.945766806602478
76,0.6,7.0,0.4265524446964264,0.8482499718666077,0.9268018007278442,0.9274621605873108
77,0.6,8.0,0.3308955430984497,0.8687499761581421,0.9488727450370789,0.9475364089012146
78,0.6,9.0,0.35298070311546326,0.8862500190734863,0.954153835773468,0.9534416794776917
79,0.6,10.0,0.391261488199234,0.8424999713897705,0.9236963391304016,0.9229300618171692
80,0.6,11.0,0.49705249071121216,0.8337500095367432,0.9140453338623047,0.9142731428146362
81,0.6,12.0,0.39235615730285645,0.8622499704360962,0.9385320544242859,0.9379637837409973
82,0.6,13.0,0.4706265926361084,0.862500011920929,0.9402066469192505,0.9369810223579407
83,0.6,14.0,0.4095708131790161,0.8567500114440918,0.9388262033462524,0.9370533227920532
84,0.6,15.0,0.3164779543876648,0.8725000023841858,0.9477231502532959,0.946257472038269
85,0.6,16.0,0.30111050605773926,0.8832499980926514,0.9557558298110962,0.9556983709335327
86,0.6,17.0,0.38888418674468994,0.878000020980835,0.9508236050605774,0.9502568244934082
87,0.6,18.0,0.4031718969345093,0.8669999837875366,0.9473809599876404,0.9451987147331238
88,0.6,19.0,0.347160667181015,0.8797500133514404,0.9501621127128601,0.9508501887321472
89,0.6,20.0,0.3672572076320648,0.8857499957084656,0.953973114490509,0.9551238417625427
90,0.7,6.0,0.3824642300605774,0.8774999976158142,0.951744019985199,0.9500728249549866
91,0.7,7.0,0.3237293064594269,0.8732500076293945,0.9534825682640076,0.9521967172622681
92,0.7,8.0,0.32725468277931213,0.8787500262260437,0.9499852061271667,0.9493612051010132
93,0.7,9.0,0.3722725510597229,0.8794999718666077,0.9507095813751221,0.9510582089424133
94,0.7,10.0,0.4156498312950134,0.8604999780654907,0.9386246800422668,0.9355315566062927
95,0.7,11.0,0.397169828414917,0.8460000157356262,0.9248906373977661,0.9228147864341736
96,0.7,12.0,0.3882555365562439,0.8687499761581421,0.944658637046814,0.9433379173278809
97,0.7,13.0,0.3034954369068146,0.8669999837875366,0.9471083283424377,0.9450433850288391
98,0.7,14.0,0.3381706476211548,0.8677499890327454,0.9509060978889465,0.9501332640647888
99,0.7,15.0,0.3975813388824463,0.8615000247955322,0.9524177312850952,0.9516142010688782
100,0.7,16.0,0.31078654527664185,0.8877500295639038,0.9566806554794312,0.9572495818138123
101,0.7,17.0,0.4004547894001007,0.8519999980926514,0.9339432120323181,0.9331313967704773
102,0.7,18.0,0.3457464277744293,0.890250027179718,0.955964207649231,0.9564310908317566
103,0.7,19.0,0.32989317178726196,0.8642500042915344,0.9412897825241089,0.9405210614204407
104,0.7,20.0,0.31255650520324707,0.8712499737739563,0.9461097121238708,0.9452446699142456
105,0.8,6.0,0.4573909640312195,0.8460000157356262,0.9296180009841919,0.9287575483322144
106,0.8,7.0,0.4234547019004822,0.8820000290870667,0.9536870718002319,0.9544828534126282
107,0.8,8.0,0.4005279541015625,0.8665000200271606,0.9531221985816956,0.9524145722389221
108,0.8,9.0,0.40711286664009094,0.8554999828338623,0.9360060691833496,0.9341001510620117
109,0.8,10.0,0.35369157791137695,0.8794999718666077,0.9515736699104309,0.9517154693603516
110,0.8,11.0,0.3975675702095032,0.8557500243186951,0.9297161102294922,0.9305496215820312
111,0.8,12.0,0.3918830156326294,0.8600000143051147,0.9378626346588135,0.9388433694839478
112,0.8,13.0,0.31609123945236206,0.8732500076293945,0.9386937022209167,0.9406206607818604
113,0.8,14.0,0.4232634902000427,0.8619999885559082,0.9486764073371887,0.9517927169799805
114,0.8,15.0,0.3708277642726898,0.8690000176429749,0.9444600343704224,0.943594753742218
115,0.8,16.0,0.3770533800125122,0.8744999766349792,0.9475836753845215,0.9478124380111694
116,0.8,17.0,0.2971295118331909,0.8687499761581421,0.9584277868270874,0.9575653672218323
117,0.8,18.0,0.36422407627105713,0.8715000152587891,0.9469678997993469,0.9449599981307983
118,0.8,19.0,0.3038007616996765,0.8832499980926514,0.9554470181465149,0.9563734531402588
119,0.8,20.0,0.3679349422454834,0.8504999876022339,0.9352148175239563,0.9345777034759521
120,0.9,6.0,0.3571358323097229,0.8734999895095825,0.9485511183738708,0.9473384022712708
121,0.9,7.0,0.3437037467956543,0.8615000247955322,0.938087522983551,0.9379590153694153
122,0.9,8.0,0.34548255801200867,0.8772500157356262,0.9501584768295288,0.948352575302124
123,0.9,9.0,0.3467685580253601,0.862500011920929,0.9385603666305542,0.9382817149162292
124,0.9,10.0,0.43973255157470703,0.8640000224113464,0.9377882480621338,0.9378322958946228
125,0.9,11.0,0.40493249893188477,0.8855000138282776,0.9560664892196655,0.9559129476547241
126,0.9,12.0,0.4109179377555847,0.8650000095367432,0.9390738606452942,0.938633143901825
127,0.9,13.0,0.334807813167572,0.8552500009536743,0.9489449262619019,0.9484458565711975
128,0.9,14.0,0.5243265628814697,0.8585000038146973,0.9356594681739807,0.9350877404212952
129,0.9,15.0,0.3387600779533386,0.8539999723434448,0.9297443628311157,0.929349422454834
130,0.9,16.0,0.3507019877433777,0.8824999928474426,0.960205078125,0.9581397175788879
131,0.9,17.0,0.33289775252342224,0.8514999747276306,0.931659460067749,0.9307370185852051
132,0.9,18.0,0.4069834053516388,0.8477500081062317,0.9316936135292053,0.9294350147247314
133,0.9,19.0,0.3144921362400055,0.890749990940094,0.9588751792907715,0.9585933089256287
134,0.9,20.0,0.3529859185218811,0.8527500033378601,0.9318391680717468,0.9306967258453369
