,alpha,temperature,loss,ACC,AUPR,AUROC
0,0.1,6.0,0.3427889049053192,0.8477500081062317,0.9454783201217651,0.9463751316070557
1,0.1,7.0,0.45804569125175476,0.8424999713897705,0.923622727394104,0.9245709180831909
2,0.1,8.0,0.33655983209609985,0.8767499923706055,0.9496638774871826,0.9498274326324463
3,0.1,9.0,0.3546123504638672,0.8627499938011169,0.9492270946502686,0.9492060542106628
4,0.1,10.0,0.39380553364753723,0.8757500052452087,0.9508908987045288,0.9519540071487427
5,0.1,11.0,0.38483232259750366,0.8809999823570251,0.9526242017745972,0.9543585777282715
6,0.1,12.0,0.3591943085193634,0.8692499995231628,0.9400584697723389,0.9392512440681458
7,0.1,13.0,0.3503880500793457,0.8502500057220459,0.9347847700119019,0.9346514940261841
8,0.1,14.0,0.4129745364189148,0.843999981880188,0.9263868927955627,0.9243547320365906
9,0.1,15.0,0.3855192959308624,0.8502500057220459,0.9335603713989258,0.9301470518112183
10,0.1,16.0,0.3473013639450073,0.8457499742507935,0.9328705072402954,0.9313967823982239
11,0.1,17.0,0.4707229435443878,0.8332499861717224,0.9190245270729065,0.9182719588279724
12,0.1,18.0,0.28717538714408875,0.8424999713897705,0.9386955499649048,0.9388112425804138
13,0.1,19.0,0.41480445861816406,0.8817499876022339,0.9492412209510803,0.9489096403121948
14,0.1,20.0,0.3357045352458954,0.8730000257492065,0.950175404548645,0.9494761824607849
15,0.2,6.0,0.3621276617050171,0.8647500276565552,0.943018913269043,0.9421104788780212
16,0.2,7.0,0.46663376688957214,0.8464999794960022,0.9277561902999878,0.9279080629348755
17,0.2,8.0,0.36064577102661133,0.8767499923706055,0.9524255394935608,0.9516493082046509
18,0.2,9.0,0.41132012009620667,0.8622499704360962,0.9379659295082092,0.9358292818069458
19,0.2,10.0,0.31509920954704285,0.8765000104904175,0.9493420720100403,0.9497251510620117
20,0.2,11.0,0.3831275701522827,0.8690000176429749,0.9453848004341125,0.9433553218841553
21,0.2,12.0,0.39119112491607666,0.8737499713897705,0.9472676515579224,0.9460604786872864
22,0.2,13.0,0.4823233485221863,0.8777499794960022,0.9505472779273987,0.9489882588386536
23,0.2,14.0,0.29989540576934814,0.8815000057220459,0.9547086358070374,0.9555109143257141
24,0.2,15.0,0.40115123987197876,0.8725000023841858,0.9455854892730713,0.9457389116287231
25,0.2,16.0,0.3620288372039795,0.8657500147819519,0.9446243047714233,0.9430674910545349
26,0.2,17.0,0.3762824535369873,0.8640000224113464,0.9458146095275879,0.945592999458313
27,0.2,18.0,0.31544259190559387,0.8865000009536743,0.9581135511398315,0.9581727981567383
28,0.2,19.0,0.45230767130851746,0.8627499938011169,0.9315385222434998,0.934393048286438
29,0.2,20.0,0.4120987057685852,0.8632500171661377,0.943438708782196,0.9427920579910278
30,0.3,6.0,0.3712456226348877,0.846750020980835,0.927868127822876,0.9259121417999268
31,0.3,7.0,0.35837268829345703,0.8740000128746033,0.9501830339431763,0.9512034058570862
32,0.3,8.0,0.3743572533130646,0.8802499771118164,0.9543495178222656,0.9541282653808594
33,0.3,9.0,0.4089069068431854,0.8640000224113464,0.9406770467758179,0.9402199387550354
34,0.3,10.0,0.43150633573532104,0.8627499938011169,0.9378685355186462,0.9376764297485352
35,0.3,11.0,0.3046896457672119,0.8502500057220459,0.9295066595077515,0.9273688197135925
36,0.3,12.0,0.31969213485717773,0.84375,0.9375727772712708,0.9390143156051636
37,0.3,13.0,0.3136512041091919,0.8575000166893005,0.9353718757629395,0.936242938041687
38,0.3,14.0,0.43181464076042175,0.859000027179718,0.9356347322463989,0.935052752494812
39,0.3,15.0,0.4396413564682007,0.8640000224113464,0.938137412071228,0.9371867179870605
40,0.3,16.0,0.3940795063972473,0.8442500233650208,0.9286978840827942,0.9304075241088867
41,0.3,17.0,0.36794209480285645,0.8632500171661377,0.9388083219528198,0.9382447004318237
42,0.3,18.0,0.3805639445781708,0.8587499856948853,0.9440681338310242,0.9440404772758484
43,0.3,19.0,0.36425918340682983,0.8537499904632568,0.9499747157096863,0.9507009983062744
44,0.3,20.0,0.3223392069339752,0.8690000176429749,0.9495489597320557,0.9479783773422241
45,0.4,6.0,0.33114945888519287,0.8784999847412109,0.9547768831253052,0.9547888040542603
46,0.4,7.0,0.39382147789001465,0.8777499794960022,0.9510958194732666,0.9513511061668396
47,0.4,8.0,0.4878198504447937,0.8432499766349792,0.923055112361908,0.9248008131980896
48,0.4,9.0,0.34373098611831665,0.8622499704360962,0.9381418228149414,0.9369676113128662
49,0.4,10.0,0.3573533892631531,0.8857499957084656,0.9563083052635193,0.9559193849563599
50,0.4,11.0,0.3128679692745209,0.8617500066757202,0.9419711828231812,0.9391677379608154
51,0.4,12.0,0.36052048206329346,0.8687499761581421,0.9417325854301453,0.9400796294212341
52,0.4,13.0,0.3942699730396271,0.8682500123977661,0.9452251195907593,0.9444126486778259
53,0.4,14.0,0.42981404066085815,0.871749997138977,0.9488950371742249,0.9475396275520325
54,0.4,15.0,0.3736046254634857,0.8827499747276306,0.9569565653800964,0.9563630223274231
55,0.4,16.0,0.48022568225860596,0.8677499890327454,0.9432817697525024,0.9436413645744324
56,0.4,17.0,0.35120195150375366,0.8579999804496765,0.932860791683197,0.9310503602027893
57,0.4,18.0,0.49548810720443726,0.8397499918937683,0.9130702018737793,0.9155327081680298
58,0.4,19.0,0.30775871872901917,0.8637499809265137,0.9407180547714233,0.9404346346855164
59,0.4,20.0,0.3826214671134949,0.8532500267028809,0.9373600482940674,0.9395056366920471
60,0.5,6.0,0.31851890683174133,0.887499988079071,0.9527403116226196,0.9527633786201477
61,0.5,7.0,0.3230311870574951,0.8767499923706055,0.9474693536758423,0.9488991498947144
62,0.5,8.0,0.32473134994506836,0.8732500076293945,0.9491645097732544,0.9472735524177551
63,0.5,9.0,0.34677302837371826,0.8502500057220459,0.9297378063201904,0.9299505352973938
64,0.5,10.0,0.3432062268257141,0.878000020980835,0.9529090523719788,0.9519649744033813
65,0.5,11.0,0.29941844940185547,0.8794999718666077,0.9538544416427612,0.9542362093925476
66,0.5,12.0,0.414112389087677,0.8659999966621399,0.9409587383270264,0.9410781264305115
67,0.5,13.0,0.3476579785346985,0.8647500276565552,0.942339301109314,0.9412336945533752
68,0.5,14.0,0.4024614691734314,0.862500011920929,0.9416400790214539,0.9403247833251953
69,0.5,15.0,0.3698543906211853,0.8472499847412109,0.9262261390686035,0.925484836101532
70,0.5,16.0,0.45903652906417847,0.8517500162124634,0.9316893815994263,0.9296602010726929
71,0.5,17.0,0.36368584632873535,0.8790000081062317,0.9500268697738647,0.9495888948440552
72,0.5,18.0,0.42059847712516785,0.8399999737739563,0.9229000210762024,0.9231460690498352
73,0.5,19.0,0.4684016704559326,0.8399999737739563,0.9222174882888794,0.9228965640068054
74,0.5,20.0,0.40190714597702026,0.8675000071525574,0.9427675008773804,0.9408996105194092
75,0.6,6.0,0.3473550081253052,0.8489999771118164,0.9328196048736572,0.9310673475265503
76,0.6,7.0,0.3485129475593567,0.875,0.946968138217926,0.9461824893951416
77,0.6,8.0,0.34097254276275635,0.8734999895095825,0.9509159922599792,0.9509720802307129
78,0.6,9.0,0.4638350009918213,0.8289999961853027,0.911501407623291,0.9096855521202087
79,0.6,10.0,0.35797154903411865,0.875,0.9464026689529419,0.946315586566925
80,0.6,11.0,0.36371341347694397,0.8634999990463257,0.9383015036582947,0.9379165768623352
81,0.6,12.0,0.36830610036849976,0.8489999771118164,0.9333571791648865,0.9309567213058472
82,0.6,13.0,0.3901187479496002,0.8784999847412109,0.9494714140892029,0.9487468004226685
83,0.6,14.0,0.37950363755226135,0.8669999837875366,0.9376575350761414,0.9398350715637207
84,0.6,15.0,0.4362647831439972,0.8577499985694885,0.9386416673660278,0.9377962350845337
85,0.6,16.0,0.3745020627975464,0.8817499876022339,0.9509861469268799,0.9513727426528931
86,0.6,17.0,0.3875369429588318,0.8730000257492065,0.9480476975440979,0.9483931064605713
87,0.6,18.0,0.4158531725406647,0.8525000214576721,0.9284336566925049,0.9274541139602661
88,0.6,19.0,0.33637070655822754,0.8525000214576721,0.944574236869812,0.9443626403808594
89,0.6,20.0,0.3880577087402344,0.878000020980835,0.9493764042854309,0.9483444094657898
90,0.7,6.0,0.35642629861831665,0.8774999976158142,0.951653778553009,0.9524546265602112
91,0.7,7.0,0.30645713210105896,0.8532500267028809,0.9379273653030396,0.9378286004066467
92,0.7,8.0,0.35442936420440674,0.8712499737739563,0.9448886513710022,0.9442336559295654
93,0.7,9.0,0.38136178255081177,0.8322499990463257,0.9161108136177063,0.9154359102249146
94,0.7,10.0,0.3854692578315735,0.874750018119812,0.9473766684532166,0.9479920268058777
95,0.7,11.0,0.3551006317138672,0.8652499914169312,0.9455384016036987,0.9449331760406494
96,0.7,12.0,0.28275418281555176,0.8832499980926514,0.9558361768722534,0.9542874693870544
97,0.7,13.0,0.3229900002479553,0.8517500162124634,0.9352602958679199,0.9329598546028137
98,0.7,14.0,0.35065627098083496,0.8619999885559082,0.9380110502243042,0.9387608170509338
99,0.7,15.0,0.36896491050720215,0.8672500252723694,0.9491799473762512,0.9463707804679871
100,0.7,16.0,0.32821494340896606,0.8667500019073486,0.9506431221961975,0.9512927532196045
101,0.7,17.0,0.4681037366390228,0.8607500195503235,0.9408817887306213,0.938385009765625
102,0.7,18.0,0.40582534670829773,0.875,0.9473081231117249,0.9466294646263123
103,0.7,19.0,0.41082626581192017,0.8884999752044678,0.9546222686767578,0.9545227289199829
104,0.7,20.0,0.4055727422237396,0.8740000128746033,0.9457528591156006,0.9460598230361938
105,0.8,6.0,0.3826291859149933,0.8367499709129333,0.9439646601676941,0.9441074132919312
106,0.8,7.0,0.3546925187110901,0.8757500052452087,0.9479782581329346,0.9480666518211365
107,0.8,8.0,0.3262162208557129,0.8547499775886536,0.9344658851623535,0.9340125322341919
108,0.8,9.0,0.3957066237926483,0.8654999732971191,0.9436898231506348,0.9427444338798523
109,0.8,10.0,0.3153529465198517,0.8492500185966492,0.9338576793670654,0.9332916140556335
110,0.8,11.0,0.43541786074638367,0.8755000233650208,0.9484803676605225,0.9472646117210388
111,0.8,12.0,0.29478374123573303,0.874750018119812,0.9478314518928528,0.9480246901512146
112,0.8,13.0,0.32241302728652954,0.8932499885559082,0.9594037532806396,0.9594155550003052
113,0.8,14.0,0.36275383830070496,0.8675000071525574,0.9505685567855835,0.9499523639678955
114,0.8,15.0,0.3675681948661804,0.8632500171661377,0.9391583800315857,0.9403287768363953
115,0.8,16.0,0.3723301589488983,0.8790000081062317,0.9511590003967285,0.9502257108688354
116,0.8,17.0,0.33197882771492004,0.8740000128746033,0.9477435350418091,0.9474494457244873
117,0.8,18.0,0.4056534767150879,0.8489999771118164,0.9299724698066711,0.9305385947227478
118,0.8,19.0,0.4654814898967743,0.8539999723434448,0.9387078881263733,0.9385310411453247
119,0.8,20.0,0.42850977182388306,0.8497499823570251,0.9296784996986389,0.9299004673957825
120,0.9,6.0,0.41433799266815186,0.8560000061988831,0.9366604089736938,0.9350437521934509
121,0.9,7.0,0.3461662232875824,0.8457499742507935,0.9340052604675293,0.9321641325950623
122,0.9,8.0,0.3593868017196655,0.8705000281333923,0.9462026953697205,0.9454221129417419
123,0.9,9.0,0.4147586524486542,0.8577499985694885,0.9286471605300903,0.9319515824317932
124,0.9,10.0,0.3850366473197937,0.8634999990463257,0.9402182102203369,0.940848708152771
125,0.9,11.0,0.4497034549713135,0.8364999890327454,0.9173551201820374,0.9176080226898193
126,0.9,12.0,0.4214814007282257,0.875249981880188,0.9492281079292297,0.9494377970695496
127,0.9,13.0,0.3411858379840851,0.8539999723434448,0.9396844506263733,0.9376918077468872
128,0.9,14.0,0.3019716739654541,0.8797500133514404,0.9511857628822327,0.9502806663513184
129,0.9,15.0,0.40939292311668396,0.8697500228881836,0.9428316354751587,0.940330445766449
130,0.9,16.0,0.3744749426841736,0.8725000023841858,0.947673499584198,0.9467353820800781
131,0.9,17.0,0.34811529517173767,0.8600000143051147,0.944894015789032,0.9444485306739807
132,0.9,18.0,0.36582037806510925,0.8730000257492065,0.9487194418907166,0.9484027028083801
133,0.9,19.0,0.4307471513748169,0.8242499828338623,0.9165832996368408,0.9188565015792847
134,0.9,20.0,0.5128928422927856,0.8402500152587891,0.9325700402259827,0.9313900470733643
